,md,ac,ms,metal,tgas,gama,cmigI,Apert,Fpert,Tfin,Verb
0,0.056096256491040206,46.35209035774071,1.115242634128635,0.1539895304749255,1739209.5458338668,1,0.1,0,1,21000000.0,False
1,0.06228831827427834,45.49031570982062,0.9635415380165484,0.2996331084137525,3308366.9813436423,1,0.1,0,1,21000000.0,False
2,0.014698036824657718,53.668151877936765,0.14757923774368292,-0.026310312249470478,4577012.924896004,1,0.1,0,1,21000000.0,False
3,0.26841278766305543,41.46518158050581,1.66249984293346,-0.014672851769040898,5154486.507600116,1,0.1,0,1,21000000.0,False
4,0.06850556697244177,36.68803213964888,0.6804537195109338,-0.11565394228497827,1241952.5516076451,1,0.1,0,1,21000000.0,False
5,0.13384066411703902,37.03285826352296,0.8808825001879611,-0.3751814139939775,1745998.6357231415,1,0.1,0,1,21000000.0,False
6,0.1468571860132822,39.03010205948404,1.0149050998270903,-0.10105599553104043,9203809.095748026,1,0.1,0,1,21000000.0,False
7,0.023904776224280177,39.564918021298844,0.25529721209900985,-0.15021978496392666,4808989.627675305,1,0.1,0,1,21000000.0,False
8,0.09577770678036497,51.198921330308735,1.9562966373794348,0.4599516983665304,1857325.6227974566,1,0.1,0,1,21000000.0,False
9,0.14703224297901266,54.14993583936212,0.7594750406326536,0.07670104532688768,1278696.8419652556,1,0.1,0,1,21000000.0,False
10,0.09262207314895902,48.06107488810176,0.7448620593424842,0.2064699620108015,1272782.71531802,1,0.1,0,1,21000000.0,False
11,0.03850314908560319,47.19830863118356,0.4816445934235891,-0.11590330704945949,4521382.482111244,1,0.1,0,1,21000000.0,False
12,0.03018743013226179,49.87242061938572,0.8864454035554858,-0.2933735264595037,1019058.558159081,1,0.1,0,1,21000000.0,False
13,0.08347531208552017,57.85867797027233,0.6065224995508793,0.01851484094423751,5066196.5067102965,1,0.1,0,1,21000000.0,False
14,0.044384007936182975,48.34671650701631,0.33152578215657547,-0.08801707316392561,3773555.858991163,1,0.1,0,1,21000000.0,False
15,0.03265317545948578,44.96822616735871,0.1743452470277385,-0.1011279779652211,2813418.1496555908,1,0.1,0,1,21000000.0,False
16,0.047191694941388945,53.992047857692945,1.5649718560740284,-0.24521431952818798,1247829.516400641,1,0.1,0,1,21000000.0,False
17,0.12568771585104757,79.10495058242618,0.6759282144739277,-0.1871855389199396,2294219.6419453113,1,0.1,0,1,21000000.0,False
18,0.0726870979006727,46.421973132382924,0.4999279430278485,-0.3160117001643944,6779351.602171435,1,0.1,0,1,21000000.0,False
19,0.06449456387514317,46.52749227111138,1.6528743296921844,0.01427466476094957,5972907.610823407,1,0.1,0,1,21000000.0,False
20,0.029678268183973983,43.9957221718251,0.3335522605687365,0.3144007738501635,5994918.269598405,1,0.1,0,1,21000000.0,False
21,0.032203871687387246,45.24755367725219,1.9689448197648725,0.0012254113731518662,3013155.226320523,1,0.1,0,1,21000000.0,False
22,0.2392435945258691,37.126580074380726,1.3664382719896064,-0.20759713105482433,1246424.3578909407,1,0.1,0,1,21000000.0,False
23,0.04781684170262187,41.58611739378684,0.6404146923796279,-0.19716564620734808,3086719.8144929316,1,0.1,0,1,21000000.0,False
24,0.03488120500642178,37.42310877061915,0.6486105212460748,0.3664253014666487,9458095.336092696,1,0.1,0,1,21000000.0,False
25,0.11047830518799748,38.31057340257444,0.7973355940279511,0.02113353380692241,6759543.468413867,1,0.1,0,1,21000000.0,False
26,0.05181167711018511,50.49847766009871,1.5667496536405416,-0.2522168835012802,4432292.816719893,1,0.1,0,1,21000000.0,False
27,0.2952724413042102,39.17362523206303,1.5586052983603753,0.07121497398007827,1304010.7833037474,1,0.1,0,1,21000000.0,False
28,0.12988900740722678,50.993522092637974,1.2952561565848926,0.5107165031327838,1224300.0915407457,1,0.1,0,1,21000000.0,False
29,0.28798818402111453,43.3679825636341,1.8258285166651322,-0.25433258296449796,4876563.473556262,1,0.1,0,1,21000000.0,False
30,0.07498485144184813,43.681140641144594,0.7062879982447435,-0.8428221403493914,1776404.020540902,1,0.1,0,1,21000000.0,False
31,0.050838451957768156,45.895145029118964,0.7875711689331808,-0.09438651947043655,2201176.437806031,1,0.1,0,1,21000000.0,False
32,0.05925536872807661,43.355930853480515,1.5056723472922904,-0.24206812765531496,4937521.183848536,1,0.1,0,1,21000000.0,False
33,0.1184002262354569,46.667416632928905,0.8388832730762165,0.14429904322676534,1046189.8477758609,1,0.1,0,1,21000000.0,False
34,0.048540908877985185,60.14334052624635,1.205721974050985,0.2341058156083695,1892631.9302751385,1,0.1,0,1,21000000.0,False
35,0.055013149237359414,59.96059143165271,1.3570638974923037,0.04196840264570806,2484184.3804519167,1,0.1,0,1,21000000.0,False
36,0.07449109861537417,42.34768764711004,1.0574690111665757,-0.04260779070391459,4693704.292964948,1,0.1,0,1,21000000.0,False
37,0.06865724981149258,53.133552015651915,0.5948812769892365,-0.06823371340851206,3572418.398301326,1,0.1,0,1,21000000.0,False
38,0.20084640072570212,57.434968255730304,1.0693252722048843,-0.16277030403851933,4076942.6532445177,1,0.1,0,1,21000000.0,False
39,0.09406167806551222,38.040578678901916,0.9327434442083741,-0.3811418700674428,4049548.0523188855,1,0.1,0,1,21000000.0,False
40,0.06874671861404176,38.16677180442733,0.39590003289926096,-0.28691551263353204,5656829.909741355,1,0.1,0,1,21000000.0,False
41,0.12688585809771213,51.18007958753379,1.7976151855012827,-0.05421094632818102,6394856.829984502,1,0.1,0,1,21000000.0,False
42,0.17768889748085512,49.46860121129426,0.9900366643812966,0.12328645293542408,1109353.1666182773,1,0.1,0,1,21000000.0,False
43,0.12419298669496512,40.85079407367896,1.650498099245783,0.06296558542109101,1983895.4411832101,1,0.1,0,1,21000000.0,False
44,0.19383640530567667,41.647128595186864,1.1875013591486812,0.23868750521564566,3308159.5026330687,1,0.1,0,1,21000000.0,False
45,0.03474646418299294,43.41481227062842,1.866806599131806,-0.2699562679364778,6385080.6903639,1,0.1,0,1,21000000.0,False
46,0.08115192574540386,38.858504781015704,0.7636075248450765,-0.2731332398658912,1127274.8349381748,1,0.1,0,1,21000000.0,False
47,0.07488351757761286,67.88017178443395,1.6531438921575974,-0.22207419682342305,4502890.767028768,1,0.1,0,1,21000000.0,False
48,0.09184241581238495,45.653321155886125,0.5942323131066699,0.3816948655076927,8804182.638282211,1,0.1,0,1,21000000.0,False
49,0.06448261539151356,42.41510048960851,1.999459329101395,0.2864242352065085,3821089.2619920466,1,0.1,0,1,21000000.0,False
50,0.09813323777331791,49.790644988499025,0.9824997825782941,0.10416540600303983,1523884.1063723164,1,0.1,0,1,21000000.0,False
51,0.039721631640525126,54.99884117475215,0.479514033310506,-0.27325302983784344,1141011.5445390795,1,0.1,0,1,21000000.0,False
52,0.03352386727910402,40.20288593307326,1.2988449907345874,-0.34614471136337727,3603457.8129519755,1,0.1,0,1,21000000.0,False
53,0.046862834027890495,45.77249268183971,0.3883421408097044,0.281268473598858,1317301.5314559299,1,0.1,0,1,21000000.0,False
54,0.12310936136773117,64.34279429204041,1.7026786330899648,0.1511607795409443,3168193.497306284,1,0.1,0,1,21000000.0,False
55,0.09883996559558376,34.60149594200969,0.5380958870735079,-0.006148941841940937,1000166.8353730578,1,0.1,0,1,21000000.0,False
56,0.13984650388636988,63.18193716678758,1.5338441049922846,-0.2117619468095781,7591400.981264703,1,0.1,0,1,21000000.0,False
57,0.012195309810003014,57.56793789580593,1.387151453881816,-0.08439666110727136,8080156.992892301,1,0.1,0,1,21000000.0,False
58,0.11718990285703328,44.02154580917011,0.6600731201916885,0.13007728621767528,5731335.65616786,1,0.1,0,1,21000000.0,False
59,0.11468600851672944,59.71205868772273,1.2387310519296781,-0.45911491121448816,5938151.985758299,1,0.1,0,1,21000000.0,False
60,0.09167260641086902,46.001089652541566,1.7023079288115852,0.033435761012319445,4098114.6532120737,1,0.1,0,1,21000000.0,False
61,0.17632039807599373,31.42052017019628,1.4742550766262346,-0.10818363625894925,2816092.388947087,1,0.1,0,1,21000000.0,False
62,0.04240250560744524,34.45465833467583,0.49245922873306247,-0.24474316756797185,1065648.6643840368,1,0.1,0,1,21000000.0,False
63,0.2268254771617233,37.626683070255176,1.7080047946413914,-0.4461447096388327,7071071.830436695,1,0.1,0,1,21000000.0,False
64,0.08702047708056791,35.06781024166537,0.4476681278855734,-0.0528864826727075,3951864.2493542205,1,0.1,0,1,21000000.0,False
65,0.04141468707936393,41.584173159919985,0.2543255207500123,0.18105462482237156,4737318.652911251,1,0.1,0,1,21000000.0,False
66,0.04097841231161375,41.08628271732676,0.397574421474952,-0.07673686911405861,1541728.752192668,1,0.1,0,1,21000000.0,False
67,0.11490537381588468,49.82353078497299,1.4233211479364696,-0.125607404500025,6961274.54605629,1,0.1,0,1,21000000.0,False
68,0.09281492356844445,38.82925455712693,0.658562288873724,0.012883786882849305,1330420.4392445257,1,0.1,0,1,21000000.0,False
69,0.12420203390166565,38.61159888273547,1.636755523995169,0.24263830793755634,2139701.3370598624,1,0.1,0,1,21000000.0,False
70,0.12216503019920437,44.11670300665305,1.2516859687402606,0.028944626858318282,3989631.526076537,1,0.1,0,1,21000000.0,False
71,0.048134698937695036,38.70680977888438,0.5104922411401712,0.13573187491248973,4008040.584774348,1,0.1,0,1,21000000.0,False
72,0.07072223663846049,54.93480899082157,0.9394542551006907,-0.14899632040245148,4284206.860359729,1,0.1,0,1,21000000.0,False
73,0.04685942053185343,38.88456501438288,0.5874459920220281,0.13343013470658943,2909594.9299009284,1,0.1,0,1,21000000.0,False
74,0.24839502204309177,45.55331005699216,1.6774020697624465,-0.17477336943644883,1883171.9986669319,1,0.1,0,1,21000000.0,False
75,0.047061569548638625,45.791767500719594,1.414006658538228,-0.15530458671410874,5590414.293000867,1,0.1,0,1,21000000.0,False
76,0.013429568449325024,40.03393089873328,1.3198012943518247,0.08751193006581133,1541380.4818519666,1,0.1,0,1,21000000.0,False
77,0.028940681888167244,34.18381307675742,0.22664059726371405,-0.3328187997613607,1035990.8902695122,1,0.1,0,1,21000000.0,False
78,0.04586899902399571,39.90036415259268,1.8944367934800095,-0.2423201659312975,3282695.8341100067,1,0.1,0,1,21000000.0,False
79,0.09442121341159192,48.73884785383363,0.9125008773000428,-0.3879378092655938,6785134.032058987,1,0.1,0,1,21000000.0,False
80,0.06723762210759976,37.881500360708095,0.55939145774693,-0.1718949144594113,1216193.3637347433,1,0.1,0,1,21000000.0,False
81,0.07164500744722047,67.51056287653891,0.7308751237685073,-0.014545614964770751,7200360.771085497,1,0.1,0,1,21000000.0,False
82,0.026873647547000112,41.50405296067961,0.7113532158054793,0.0906153341595768,2698765.383686141,1,0.1,0,1,21000000.0,False
83,0.08575354064786385,41.56994154096943,1.6059607734306347,-0.28857794951215626,5805884.310213449,1,0.1,0,1,21000000.0,False
84,0.2842421162504348,38.89637509500172,1.6091608165397957,0.1756929816612675,2597446.5367971556,1,0.1,0,1,21000000.0,False
85,0.10253270005444685,48.5364827302811,0.9921428737259115,0.01897483421508885,2073958.0982329675,1,0.1,0,1,21000000.0,False
86,0.16338848823419838,51.35440173083657,1.0355282123264695,0.0034785084494306784,3472189.4935570285,1,0.1,0,1,21000000.0,False
87,0.10413784829306483,59.497573154328926,1.187474036845163,0.10682531467288155,3466495.259353398,1,0.1,0,1,21000000.0,False
88,0.17892087751588118,46.04576925912555,0.9018258099865087,-0.19881646218455584,9848679.250782955,1,0.1,0,1,21000000.0,False
89,0.05398058591840266,58.28108899516423,0.6953426263245706,0.385613994825065,8958774.848744098,1,0.1,0,1,21000000.0,False
90,0.1480202177933913,53.9326457459679,0.760522851691734,0.1483004350245917,3301625.71299716,1,0.1,0,1,21000000.0,False
91,0.10653583884784619,40.80064119534928,1.7191049735717692,-0.5163750259182921,1498568.3965736167,1,0.1,0,1,21000000.0,False
92,0.06738934362352719,37.682360512624605,0.3847490091701693,-0.4469173473773377,1192185.88254258,1,0.1,0,1,21000000.0,False
93,0.07739323956020817,41.080110193526075,0.6050752152693806,-0.07570782075220299,2378709.7801416027,1,0.1,0,1,21000000.0,False
94,0.17414961791572503,40.68318370111644,1.057240073279865,0.021135471183190358,2539100.1520509245,1,0.1,0,1,21000000.0,False
95,0.13534702419055644,50.78317755042942,1.468419681637057,0.4002753503493694,2236862.9032689477,1,0.1,0,1,21000000.0,False
96,0.037645024132379114,43.74279025448658,0.7447173774269549,0.2567489874481047,8566554.505774865,1,0.1,0,1,21000000.0,False
97,0.16193159300982155,40.505863518904974,1.6491920225004322,0.24255120873093952,7482191.559957106,1,0.1,0,1,21000000.0,False
98,0.26944768232633715,34.899300768561325,1.585365666556673,-0.40111201305832045,3223838.7732306514,1,0.1,0,1,21000000.0,False
99,0.05639138474592641,40.999307392710946,0.40272559158031956,-0.05135228735763722,4776942.306963949,1,0.1,0,1,21000000.0,False
100,0.25881231182233366,51.710065517926964,1.5583910470832312,-0.03958926628922993,3628813.0990265035,1,0.1,0,1,21000000.0,False
101,0.12931535432443836,36.02968858705198,1.2721204498912493,-0.14702717472252894,1857084.070184076,1,0.1,0,1,21000000.0,False
102,0.09200203015667374,45.90335427564374,0.7294764602173429,0.007538414573182595,2048566.6419224057,1,0.1,0,1,21000000.0,False
103,0.04805027410805681,37.48932861064548,1.2086525653530136,-0.003906403101830356,5352796.213804314,1,0.1,0,1,21000000.0,False
104,0.01981680244772118,37.349722764656924,0.1942923889421805,0.22633569955475127,7489377.429832559,1,0.1,0,1,21000000.0,False
105,0.08396172862687348,45.61608317596388,0.48749212451853513,-0.532072889394253,1852801.6943179457,1,0.1,0,1,21000000.0,False
106,0.05690177607368793,45.24775403332199,0.6035064214234779,-0.17749028401117187,1125196.5813255806,1,0.1,0,1,21000000.0,False
107,0.01840142753390278,44.41451400216616,0.23151921541592657,-0.3060967684520182,6943229.8962850245,1,0.1,0,1,21000000.0,False
108,0.07042064746455265,42.27991004005004,0.49449076910605455,-0.18349354586152844,3699587.898024693,1,0.1,0,1,21000000.0,False
109,0.09561248608201578,39.125537143244216,0.9608470176109152,-0.1761846530353084,3635062.6527674794,1,0.1,0,1,21000000.0,False
110,0.17823053352460497,44.80784152660001,1.332402784776627,0.20221997171788098,4470866.972539119,1,0.1,0,1,21000000.0,False
111,0.10549587449505801,40.199969320330034,0.6705720298088453,-0.3809322651285871,2701081.703911291,1,0.1,0,1,21000000.0,False
112,0.0785454213714099,49.338221442901485,1.782108383046705,-0.053130923874998626,3979464.0283243256,1,0.1,0,1,21000000.0,False
113,0.03213725444121901,45.50217566772734,0.7012267389216089,0.2949175143612472,1690620.3729301873,1,0.1,0,1,21000000.0,False
114,0.0472508686520012,54.08867913379615,0.6539513603913585,-0.03464382646184426,2081106.232631573,1,0.1,0,1,21000000.0,False
115,0.02415337912484084,35.31492975145533,0.6830748608936857,0.16425366798495855,3165521.5442646164,1,0.1,0,1,21000000.0,False
116,0.14948579764437425,46.65947591645533,1.9774301443722855,0.1611822082111224,1022688.2476730812,1,0.1,0,1,21000000.0,False
117,0.10654212535433448,57.0529444355466,1.6965673116275353,-0.43933642211695706,1692321.8683481093,1,0.1,0,1,21000000.0,False
118,0.06046892668612697,61.74424575057737,0.4293290604622167,0.08887641367405759,1498226.5166749714,1,0.1,0,1,21000000.0,False
119,0.06048183428704465,66.80399940712522,1.0113020913756856,-0.08653529453943391,8036109.922398625,1,0.1,0,1,21000000.0,False
120,0.019184292190554248,33.609029252887574,0.7924996389864392,-0.3216676285789481,3078970.2965207603,1,0.1,0,1,21000000.0,False
121,0.09283341675449663,41.571968448564625,0.5244353160837447,-0.12165705798282642,7122338.465178546,1,0.1,0,1,21000000.0,False
122,0.088278324321287,53.03186685504165,0.8181909191502493,0.18090554124142222,8116217.775827908,1,0.1,0,1,21000000.0,False
123,0.014620845912349762,44.010931626259826,0.5372276326304931,-0.13769497138582315,4291879.664212108,1,0.1,0,1,21000000.0,False
124,0.07523654507695265,54.975536149889436,1.1207233115631137,0.312106930742986,6162535.533063018,1,0.1,0,1,21000000.0,False
125,0.14798258021204871,47.160306920293394,1.6951874748534261,-0.07019767223026337,7607463.684813275,1,0.1,0,1,21000000.0,False
126,0.1025447967617945,49.69381542552101,0.6921544495963943,-0.2982560071498416,7523461.413454132,1,0.1,0,1,21000000.0,False
127,0.017256821842183117,44.21872066826898,1.0705109525578935,0.12100865830068545,3733484.427174693,1,0.1,0,1,21000000.0,False
128,0.1309793049750321,46.995628588738406,1.4473927506563697,0.18387206961539884,2594271.2619121023,1,0.1,0,1,21000000.0,False
129,0.06738469392070313,45.925510218558244,0.8666705924640712,0.029940580280793525,6669019.819071098,1,0.1,0,1,21000000.0,False
130,0.028315995348260407,53.48582875379326,0.21135934399272238,0.13942183121822718,7929717.446172824,1,0.1,0,1,21000000.0,False
131,0.0271798510786137,45.390111123862,1.6604377819214349,-0.22315745303175308,4140408.856252292,1,0.1,0,1,21000000.0,False
132,0.1151642498771811,37.06570462999024,0.8490286078732049,0.07189960074308399,5419988.184868318,1,0.1,0,1,21000000.0,False
133,0.04885824722974349,49.02473822419045,0.7277672933390462,-0.009985165164846184,2521740.98256898,1,0.1,0,1,21000000.0,False
134,0.009665218139017176,49.42491941036321,0.08186419839682554,0.20124303574487015,1552748.794029965,1,0.1,0,1,21000000.0,False
135,0.08633433097730958,37.85245492730666,0.4464585547742596,-0.2505117781395513,2570700.7329727905,1,0.1,0,1,21000000.0,False
136,0.038965895927046905,33.82885788784827,0.2335082084630152,-0.032196585033387175,1405831.3802667067,1,0.1,0,1,21000000.0,False
137,0.07796081120559241,49.19320159667449,1.3703585704711045,0.15524335924888466,3900245.668285538,1,0.1,0,1,21000000.0,False
138,0.03137967652371053,43.90065188940102,0.5830695490717536,-0.13916923671405862,3269195.6442490197,1,0.1,0,1,21000000.0,False
139,0.14197215845385777,41.59322166715634,1.5418196262775001,-0.21036651997531788,1300011.7630145343,1,0.1,0,1,21000000.0,False
140,0.0292755445598937,52.687400452506324,0.2134893552384665,0.24006246040859583,2709561.3555088243,1,0.1,0,1,21000000.0,False
141,0.04252103684213082,66.55540641829188,0.24261422789881987,-0.3655440106101438,2117163.684567012,1,0.1,0,1,21000000.0,False
142,0.11508062102926361,39.55425415275812,0.6762270065731584,-0.23320469871816069,1720111.8470287062,1,0.1,0,1,21000000.0,False
143,0.03575916645107718,49.15445723744301,0.40803286433670005,-0.29638320617311525,2762095.666205243,1,0.1,0,1,21000000.0,False
144,0.07177606740208656,45.978124372221984,0.5689485023996884,-0.4464386319378778,2712886.0425158315,1,0.1,0,1,21000000.0,False
145,0.08753352335854567,42.01575377500731,1.1569653876642727,-0.20359396776776528,4332860.205045505,1,0.1,0,1,21000000.0,False
146,0.15955320048914287,50.307307010551945,1.367210413514879,-0.2717070775312986,3663846.553927087,1,0.1,0,1,21000000.0,False
147,0.04571870638010712,48.072067143115376,0.6482612404688466,-0.0268691624919322,1899047.004432859,1,0.1,0,1,21000000.0,False
148,0.09933879572106359,63.34577700583889,1.2479581487244062,-0.04939096350011679,2942483.258555711,1,0.1,0,1,21000000.0,False
149,0.07726154504044555,46.38219200372887,1.6060916351439536,-0.17252795681745842,8087711.387979645,1,0.1,0,1,21000000.0,False
150,0.017908046635739226,43.22384713135322,0.7447120975064074,-0.20310393362386675,6592524.702437892,1,0.1,0,1,21000000.0,False
151,0.15594800264086653,38.46179133948046,1.6835763988940309,0.13036952017462572,3586274.9656847497,1,0.1,0,1,21000000.0,False
152,0.05762646089539056,47.486812924441374,1.4346321099185593,-0.1845295678712095,5267560.122787189,1,0.1,0,1,21000000.0,False
153,0.05826056822860911,47.344057587272886,1.4068269310393293,0.040258350008374466,1083727.5051030004,1,0.1,0,1,21000000.0,False
154,0.08795406773934597,46.46965642927856,1.8403812507497421,-0.17504467259214102,3975695.5329099707,1,0.1,0,1,21000000.0,False
155,0.12619718445978492,45.37085714322908,1.7381844623985887,-0.13482407577127076,8450427.27800008,1,0.1,0,1,21000000.0,False
156,0.08095553886485146,37.626611108450135,0.4800809238942729,0.11851452773519654,4644509.5433726525,1,0.1,0,1,21000000.0,False
157,0.0246285824897208,32.7384526452262,0.9732460881539581,-0.07295117358830276,5297136.520139249,1,0.1,0,1,21000000.0,False
158,0.15514162375702797,47.90300383234525,1.7052747591353337,-0.0032221157833336248,4325830.587953724,1,0.1,0,1,21000000.0,False
159,0.17980245443557208,53.6106709883884,1.8677208680641593,-0.07752787023237125,6320924.586703899,1,0.1,0,1,21000000.0,False
160,0.30558351772239356,45.524620358893195,1.582279402331581,0.24133665807915897,8024515.893344793,1,0.1,0,1,21000000.0,False
161,0.07787173198482797,45.51785276996806,1.4854591193362818,0.10489567812879165,1142002.3466206498,1,0.1,0,1,21000000.0,False
162,0.011569634489724218,44.01758918482957,0.9539660736024935,-0.06890000059011364,1164004.5011148453,1,0.1,0,1,21000000.0,False
163,0.03273708836832971,41.66478804531964,0.6057599768996581,-0.04051229416302338,7152624.762111007,1,0.1,0,1,21000000.0,False
164,0.15232668766384364,45.015351095577124,1.3106446898985233,-0.0808842992354459,1200180.5656606844,1,0.1,0,1,21000000.0,False
165,0.03769607998122038,33.76957553164931,0.4220223815715325,-0.28758689305599244,7004932.173500696,1,0.1,0,1,21000000.0,False
166,0.046007008058238326,40.802107783754245,1.1001978187771986,-0.04415195825022535,1231830.8698939423,1,0.1,0,1,21000000.0,False
167,0.15408859663332913,50.97229971524433,1.3406463243483075,0.43971430031932224,5955875.9202066185,1,0.1,0,1,21000000.0,False
168,0.11811586100852844,37.7287783233834,1.331631776678067,-0.050906362175555234,5596939.600756381,1,0.1,0,1,21000000.0,False
169,0.08048700208281477,49.8709491416105,0.5861679112764471,-0.6563543608398101,1152731.0166208416,1,0.1,0,1,21000000.0,False
170,0.03298967511987323,39.69440767183862,1.6535798872668017,0.22650211296899067,2941573.91973322,1,0.1,0,1,21000000.0,False
171,0.058258184773125526,49.793601261683676,1.7957139156030857,0.32978305810740116,7658556.754620187,1,0.1,0,1,21000000.0,False
172,0.019091283657214745,62.1790648506867,0.2902100524941943,-0.05914401614668437,2097608.4310028064,1,0.1,0,1,21000000.0,False
173,0.04320195831932535,41.02117805730026,1.8767755736951932,0.03884644987288473,2406831.0953940316,1,0.1,0,1,21000000.0,False
174,0.04731231688556653,37.4511990544422,0.38969701033133575,0.3533997736442479,8522098.98296157,1,0.1,0,1,21000000.0,False
175,0.1149750467480393,32.06048398522674,1.1558442196807899,0.20981376521627879,3177972.76123421,1,0.1,0,1,21000000.0,False
176,0.027306837301423248,63.68935995469951,1.9205257143374121,0.20666503807061226,2615448.7829336063,1,0.1,0,1,21000000.0,False
177,0.18842899861169224,52.88672460532175,1.676348264702746,0.06623320258045927,1298322.4633017809,1,0.1,0,1,21000000.0,False
178,0.07055379271468538,44.89706227997583,1.590426732546868,0.21457993121799593,5877947.244528358,1,0.1,0,1,21000000.0,False
179,0.1331607444562087,56.28151572336487,1.8631488628843313,0.06334927230331767,9378079.195481874,1,0.1,0,1,21000000.0,False
180,0.23739880527047522,46.28317201293424,1.4252789920703586,0.3395692418823784,2585118.513648523,1,0.1,0,1,21000000.0,False
181,0.05893934420969138,43.25345451838942,1.0183175010801833,-0.2856866156389116,1842925.2574949027,1,0.1,0,1,21000000.0,False
182,0.02808194556182311,52.438216267449306,1.9992705231745778,0.0036040938451256527,2571808.781924789,1,0.1,0,1,21000000.0,False
183,0.032143024899284924,38.3062676055433,0.5772235629315553,-0.0588921969318289,1975384.064846358,1,0.1,0,1,21000000.0,False
184,0.12159444033527202,45.80447708884605,1.5667101463874096,-0.5038358899720983,4465811.1860218,1,0.1,0,1,21000000.0,False
185,0.041160664791670694,43.629431577555735,1.148430918946894,-0.0882669295726162,2310481.8742645113,1,0.1,0,1,21000000.0,False
186,0.040525915659838846,44.811944747909926,0.31188048029477383,-0.15337529655665952,3361215.560493182,1,0.1,0,1,21000000.0,False
187,0.06759709762736331,41.888010305259144,0.4469559780693346,-0.2224680933548766,8647273.763383547,1,0.1,0,1,21000000.0,False
188,0.06203065813058995,36.953292243916636,0.7335616345069795,-0.2121987391601091,1788007.4075369663,1,0.1,0,1,21000000.0,False
189,0.059958607310386255,40.44417767220207,0.4400353900609797,-0.252705857971947,1018973.2132872232,1,0.1,0,1,21000000.0,False
190,0.05153293253457384,46.20190567643494,0.354155497601364,-0.3350847258101347,2090712.0866920734,1,0.1,0,1,21000000.0,False
191,0.12259744562918297,57.84009361355835,1.4683888324923864,0.26745332516050296,6317489.4528445,1,0.1,0,1,21000000.0,False
192,0.12590049556719846,43.694293948048426,0.630546227818488,-0.07734325095326318,2679339.3913071454,1,0.1,0,1,21000000.0,False
193,0.08187050958224926,34.064674567779356,0.7362120262914904,0.30504181306367506,1010356.469580503,1,0.1,0,1,21000000.0,False
194,0.0735890980862394,39.19447224910542,1.7597536237843816,0.1335973425227684,1108303.805289444,1,0.1,0,1,21000000.0,False
195,0.06316364784626885,51.86099684513953,0.954480970931312,-0.22719940437020142,6861114.10966419,1,0.1,0,1,21000000.0,False
196,0.07788626649857842,42.36412220334214,0.7061353479175364,-0.1746236111713181,2835557.422142861,1,0.1,0,1,21000000.0,False
197,0.07298055498350813,37.859873453895744,0.5220882039835689,-0.32334413381374805,1331641.3324497296,1,0.1,0,1,21000000.0,False
198,0.08346175668465268,45.45126224406827,1.239772349003465,-0.42143247390798944,4325322.518088513,1,0.1,0,1,21000000.0,False
199,0.1213355608315913,41.30876055934807,1.2727380267857271,0.13231234503803366,1390842.3671695644,1,0.1,0,1,21000000.0,False
200,0.1578113961670315,48.85496132435364,1.5756369046437617,0.14917290290176954,3074297.208086915,1,0.1,0,1,21000000.0,False
201,0.06806876784373612,46.25393170459567,0.9637016648354284,0.13407861417898007,1056073.3330682884,1,0.1,0,1,21000000.0,False
202,0.0482742103029299,41.126639899260496,0.6029141981988766,-0.6816361849775829,8253093.066979644,1,0.1,0,1,21000000.0,False
203,0.04074669571116508,45.55997542517527,0.34470198297768967,-0.14491672328949515,1921406.0132109825,1,0.1,0,1,21000000.0,False
204,0.09115799885793573,48.52821616750223,1.0990012400001197,-0.09920654122125164,2744585.401528294,1,0.1,0,1,21000000.0,False
205,0.1167688398770522,49.38975253431097,0.8321582503452266,-0.049941495322239016,4869775.863619388,1,0.1,0,1,21000000.0,False
206,0.05223309692367311,39.3497920639633,1.3610322026994897,-0.1679682814872989,1388645.6390153286,1,0.1,0,1,21000000.0,False
207,0.10655377851443706,44.57440168132449,0.653884360132194,0.23819446966537564,2879704.73734572,1,0.1,0,1,21000000.0,False
208,0.06203342528947596,40.914665994961176,0.5664810583555874,-0.3702904872835813,4642528.119450605,1,0.1,0,1,21000000.0,False
209,0.028012767775255666,49.30108334862969,0.7907358945145694,-0.04163600784452287,4067837.8900499023,1,0.1,0,1,21000000.0,False
210,0.06735370711280766,38.482612421050064,1.334598504927217,-0.04239712347845348,5397240.811379762,1,0.1,0,1,21000000.0,False
211,0.06513636050506738,51.46305638753802,0.5867411737905086,-0.32995601163305577,3449351.8253355394,1,0.1,0,1,21000000.0,False
212,0.2838944461747402,41.92000356079417,1.758715452136615,-0.02366208821275726,6410240.350100857,1,0.1,0,1,21000000.0,False
213,0.03844095347703429,45.931321829403664,0.9102257508988835,-0.17953786861271806,3739216.240136606,1,0.1,0,1,21000000.0,False
214,0.06215854925994468,60.54837392007286,1.4405903853498923,-0.05881647907741336,4559491.7390480945,1,0.1,0,1,21000000.0,False
215,0.03472312839449382,33.22663066502978,0.6020232127149036,-0.37935559655656903,3331268.5665531494,1,0.1,0,1,21000000.0,False
216,0.151338659386368,35.838597114360475,0.7977084001411509,-0.25182040818563795,8879261.566473754,1,0.1,0,1,21000000.0,False
217,0.02259051680644439,42.140282613304436,0.12496017633303522,0.07217384236686486,5675974.54897883,1,0.1,0,1,21000000.0,False
218,0.04538251362893703,58.09301491009365,1.7187156059565962,-0.03985501539462681,2702234.2576529016,1,0.1,0,1,21000000.0,False
219,0.10286408283425463,30.499179961746385,1.2385684550104854,0.4661572296439371,2430076.0299472027,1,0.1,0,1,21000000.0,False
220,0.0426860242252567,57.41445575690411,0.5674407929059412,0.2788440153316212,1008116.4375073408,1,0.1,0,1,21000000.0,False
221,0.13376963678709902,40.8847368391444,1.3331149175691714,-0.03742606044779065,1194404.9112160602,1,0.1,0,1,21000000.0,False
222,0.06302354853525445,56.55949495122295,0.4220682687809427,-0.1222840729645614,1303773.9748701036,1,0.1,0,1,21000000.0,False
223,0.16039896666562767,49.74071761178288,0.9151664762576777,-0.1927692388054452,1213673.4268583625,1,0.1,0,1,21000000.0,False
224,0.23150927782191202,44.94764574560633,1.262370565926534,-0.31997968230001883,6040092.752029143,1,0.1,0,1,21000000.0,False
225,0.09918674330864549,44.53951449316562,0.6303573230458919,0.2727820830745372,3495036.3350166907,1,0.1,0,1,21000000.0,False
226,0.09304038510860649,36.644292361772074,1.1487463171952703,-0.2819002611044538,3606847.7106608036,1,0.1,0,1,21000000.0,False
227,0.1138490541470905,44.711230963546114,1.6068117629055085,-0.11253339763198662,9056609.38186134,1,0.1,0,1,21000000.0,False
228,0.09466987978592915,43.43262288886309,0.595374118201875,0.3710178306146232,1343640.5636431207,1,0.1,0,1,21000000.0,False
229,0.06525131761749597,56.64052847883119,1.0403175268617717,0.20428675096064922,6570867.641379788,1,0.1,0,1,21000000.0,False
230,0.04853503827963185,36.39595872873781,0.3100223233758821,0.07821495817639625,4665669.807563248,1,0.1,0,1,21000000.0,False
