md,ac,ms,metal,tgas,gama,cmigI,Apert,Fpert,Tfin,Verb
0.1009214,58.23233,0.79615109,0.0206958055496,6859750.19,1.0,0.1,0.0,1.0,30000000.0,False
0.1306812,38.93514,0.846637087,-0.191218078136,2483542.33,1.0,0.1,0.0,1.0,30000000.0,False
0.1422634,49.38286,0.725119956,-0.146010398865,3972741.23,1.0,0.1,0.0,1.0,30000000.0,False
0.2005241,59.3435,1.03825455,-0.184813380241,5151918.9,1.0,0.1,0.0,1.0,30000000.0,False
0.2523615,50.35551,1.20987436,-0.322367846966,6404398.12,1.0,0.1,0.0,1.0,30000000.0,False
0.1851867,59.4285,0.941101088,0.395383000374,9392722.53,1.0,0.1,0.0,1.0,30000000.0,False
0.03705135,61.1235,0.910159717,0.094650387764,4386781.98,1.0,0.1,0.0,1.0,30000000.0,False
0.189647,63.1166,1.26703704,0.065601348877,2203456.35,1.0,0.1,0.0,1.0,30000000.0,False
0.1589605,53.81978,1.33941169,-0.0765519142151,4095766.08,1.0,0.1,0.0,1.0,30000000.0,False
0.059034556,46.95699,0.928529797,0.00614285469055,9353820.87,1.0,0.1,0.0,1.0,30000000.0,False
0.1365417,88.37936,0.884995955,0.0690869092941,4161833.95,1.0,0.1,0.0,1.0,30000000.0,False
0.048970383,51.15527,0.715132001,0.0994288921356,7411425.99,1.0,0.1,0.0,1.0,30000000.0,False
0.1236487,56.05791,1.03386674,-0.340058028698,7762274.89,1.0,0.1,0.0,1.0,30000000.0,False
0.042456508,49.89191,0.719578135,-0.12164825201,1947790.7,1.0,0.1,0.0,1.0,30000000.0,False
0.1929871,47.0805,1.0229616,0.0337258577347,1037675.35,1.0,0.1,0.0,1.0,30000000.0,False
0.092759237,44.13017,1.24534971,0.110018968582,8694231.84,1.0,0.1,0.0,1.0,30000000.0,False
0.2067775,59.99259,1.01271447,-0.228561222553,1421636.89,1.0,0.1,0.0,1.0,30000000.0,False
0.078408018,50.06843,1.30489696,0.113023042679,8556913.42,1.0,0.1,0.0,1.0,30000000.0,False
0.046000358,75.85963,0.926513801,-0.133054375648,4198393.82,1.0,0.1,0.0,1.0,30000000.0,False
0.1726898,62.86184,1.20058974,0.166528582573,2279251.7,1.0,0.1,0.0,1.0,30000000.0,False
0.2369131,66.13156,1.01393858,-0.400034427643,1385775.92,1.0,0.1,0.0,1.0,30000000.0,False
0.067298077,56.59322,0.920739324,0.151099324226,8519224.71,1.0,0.1,0.0,1.0,30000000.0,False
0.080949068,42.34064,0.776962037,0.0877422094345,7955879.04,1.0,0.1,0.0,1.0,30000000.0,False
0.2048265,53.65316,1.38373815,-0.141022920609,3983196.82,1.0,0.1,0.0,1.0,30000000.0,False
0.3057649,46.21051,1.2454273,-0.213542640209,1123124.93,1.0,0.1,0.0,1.0,30000000.0,False
0.1591897,68.92568,1.25327529,-0.112328529358,1675158.48,1.0,0.1,0.0,1.0,30000000.0,False
0.1739239,72.3378,0.754458277,0.154631972313,3528684.15,1.0,0.1,0.0,1.0,30000000.0,False
0.2074108,42.9841,0.879891651,-0.186334371567,1476401.23,1.0,0.1,0.0,1.0,30000000.0,False
0.07103797,39.7866,1.14050577,0.0260585546494,1372805.06,1.0,0.1,0.0,1.0,30000000.0,False
0.1258112,68.60137,0.985321684,0.471057295799,6851374.39,1.0,0.1,0.0,1.0,30000000.0,False
0.073436402,84.28465,1.15945537,0.0240750312805,1225903.09,1.0,0.1,0.0,1.0,30000000.0,False
0.1638406,58.39375,0.996059631,-0.0159965157509,3545801.72,1.0,0.1,0.0,1.0,30000000.0,False
0.1442536,66.9058,1.07903227,-0.235173761845,1373508.48,1.0,0.1,0.0,1.0,30000000.0,False
0.018867183,46.14516,1.25186702,0.1274061203,9021830.61,1.0,0.1,0.0,1.0,30000000.0,False
0.262508,53.7882,1.02842479,-0.16147851944,1357999.74,1.0,0.1,0.0,1.0,30000000.0,False
0.1096623,47.84937,0.759866058,0.118490576744,6433312.76,1.0,0.1,0.0,1.0,30000000.0,False
0.072228752,47.35348,1.07650345,-0.0908226370811,1029577.91,1.0,0.1,0.0,1.0,30000000.0,False
0.070033289,55.41856,0.746523771,-0.0742371678352,1041109.95,1.0,0.1,0.0,1.0,30000000.0,False
0.067909084,66.28136,0.81652031,-0.216480851173,2452343.28,1.0,0.1,0.0,1.0,30000000.0,False
0.1287361,54.3797,1.04166086,0.100528478622,2533303.07,1.0,0.1,0.0,1.0,30000000.0,False
0.1493832,58.23716,1.34128657,0.0778574943542,5997318.88,1.0,0.1,0.0,1.0,30000000.0,False
0.3021651,62.4081,1.37245599,0.0820980072021,1487928.85,1.0,0.1,0.0,1.0,30000000.0,False
0.2033449,47.47406,1.2516102,0.283824920654,1267948.97,1.0,0.1,0.0,1.0,30000000.0,False
0.078040369,51.89476,0.757974806,-0.209795355797,1819693.83,1.0,0.1,0.0,1.0,30000000.0,False
0.017470589,44.20515,1.34400959,0.00788807868958,2040570.62,1.0,0.1,0.0,1.0,30000000.0,False
0.045236319,50.61256,1.37751251,-0.108118951321,1379983.16,1.0,0.1,0.0,1.0,30000000.0,False
0.068223394,54.49932,1.07204979,-0.0835077762604,9430437.24,1.0,0.1,0.0,1.0,30000000.0,False
0.072795704,63.78202,1.32382678,0.320986628532,3601733.05,1.0,0.1,0.0,1.0,30000000.0,False
0.08831498,32.98826,0.809145012,-0.0862946510315,6539341.17,1.0,0.1,0.0,1.0,30000000.0,False
0.091561668,65.44924,0.839119197,0.0383236408234,3830577.83,1.0,0.1,0.0,1.0,30000000.0,False
0.1481653,61.67065,0.800151094,-0.057565331459,3044281.68,1.0,0.1,0.0,1.0,30000000.0,False
0.067720547,53.50435,1.1201682,-0.417130768299,3684368.3,1.0,0.1,0.0,1.0,30000000.0,False
0.022425184,37.51134,1.21294678,-0.0971694588661,4041706.94,1.0,0.1,0.0,1.0,30000000.0,False
0.095612869,66.23087,0.74975665,0.208409905434,7338040.12,1.0,0.1,0.0,1.0,30000000.0,False
0.062882096,46.64112,1.00338727,-0.329635679722,1672415.99,1.0,0.1,0.0,1.0,30000000.0,False
0.057884626,48.43666,1.3036446,-0.35714161396,5862487.15,1.0,0.1,0.0,1.0,30000000.0,False
0.078441918,49.41259,0.993376643,-0.170031964779,2134026.85,1.0,0.1,0.0,1.0,30000000.0,False
0.1057941,71.60797,0.952151163,0.0270252227783,1995183.23,1.0,0.1,0.0,1.0,30000000.0,False
0.064005278,62.70541,0.87058761,-0.387396752834,2025830.77,1.0,0.1,0.0,1.0,30000000.0,False
0.1687452,63.56854,1.14307371,0.0259824991226,8661944.46,1.0,0.1,0.0,1.0,30000000.0,False
0.2676338,55.33311,1.30395433,-0.406345307827,7842857.56,1.0,0.1,0.0,1.0,30000000.0,False
0.096079223,36.83434,0.724486973,-0.0526757240295,1417181.91,1.0,0.1,0.0,1.0,30000000.0,False
0.053333838,62.80212,1.20861148,-0.121842622757,1919838.37,1.0,0.1,0.0,1.0,30000000.0,False
0.1431187,54.35111,0.923356414,-0.0174396634102,3498413.21,1.0,0.1,0.0,1.0,30000000.0,False
0.052378964,55.27908,1.30901295,-0.157608985901,3010788.94,1.0,0.1,0.0,1.0,30000000.0,False
0.08255364,41.17324,1.29918925,-0.114892303944,7098700.04,1.0,0.1,0.0,1.0,30000000.0,False
0.1007646,38.16932,1.22294257,0.092399597168,3800242.19,1.0,0.1,0.0,1.0,30000000.0,False
0.1296138,61.61656,1.38487783,-0.223362565041,2473025.99,1.0,0.1,0.0,1.0,30000000.0,False
0.1023077,52.7748,1.16550521,-0.401337921619,4932968.93,1.0,0.1,0.0,1.0,30000000.0,False
0.1142269,61.31248,1.33607651,-0.0456863045692,6971070.08,1.0,0.1,0.0,1.0,30000000.0,False
0.1884141,54.93314,0.826314936,-0.285662710667,2255039.5,1.0,0.1,0.0,1.0,30000000.0,False
0.1307633,54.59345,1.17534858,-0.296168029308,1496034.57,1.0,0.1,0.0,1.0,30000000.0,False
0.09538991,47.51034,1.27384061,-0.275917232037,6175421.99,1.0,0.1,0.0,1.0,30000000.0,False
0.2159124,63.81926,0.912464238,0.0583256483078,9964286.96,1.0,0.1,0.0,1.0,30000000.0,False
0.1576077,44.42001,0.963948815,-0.129234969616,5707742.37,1.0,0.1,0.0,1.0,30000000.0,False
0.058654495,60.38832,0.778626341,-0.305939674377,1279011.2,1.0,0.1,0.0,1.0,30000000.0,False
0.1303731,57.76016,1.29943918,0.153967380524,5886118.96,1.0,0.1,0.0,1.0,30000000.0,False
0.1995108,47.0242,1.03501361,0.106695175171,7891842.54,1.0,0.1,0.0,1.0,30000000.0,False
0.055687808,76.3135,1.19447479,-0.178676903248,7594699.04,1.0,0.1,0.0,1.0,30000000.0,False
0.040801618,55.46892,0.964804284,0.105761051178,6871578.59,1.0,0.1,0.0,1.0,30000000.0,False
0.06463448,68.75178,0.97484051,-0.0180369019508,1450583.53,1.0,0.1,0.0,1.0,30000000.0,False
0.033356983,69.44693,1.11000225,0.124107599258,1216343.56,1.0,0.1,0.0,1.0,30000000.0,False
0.1307656,51.14444,1.26092316,0.118376970291,1097716.6,1.0,0.1,0.0,1.0,30000000.0,False
0.050801262,85.89835,0.786689574,-0.225304961205,4671509.08,1.0,0.1,0.0,1.0,30000000.0,False
0.1236294,44.20893,0.860187847,-0.00533092021942,2006350.29,1.0,0.1,0.0,1.0,30000000.0,False
0.1994847,50.22735,1.01702529,0.197566866875,1324317.55,1.0,0.1,0.0,1.0,30000000.0,False
0.3287654,34.62872,1.35112466,0.243387937546,8255969.39,1.0,0.1,0.0,1.0,30000000.0,False
0.1087,62.85857,1.09227737,-0.338121294975,3258586.68,1.0,0.1,0.0,1.0,30000000.0,False
0.065512508,53.84285,0.767435446,0.225211262703,1105249.56,1.0,0.1,0.0,1.0,30000000.0,False
0.061814461,68.50111,1.12602598,-0.410788118839,3251153.81,1.0,0.1,0.0,1.0,30000000.0,False
0.022532258,41.79796,0.884174939,0.190337061882,2888046.96,1.0,0.1,0.0,1.0,30000000.0,False
0.054514926,65.78591,0.992659503,0.166864514351,6237716.7,1.0,0.1,0.0,1.0,30000000.0,False
0.086097285,43.11848,1.25413298,-0.559959083796,5050745.56,1.0,0.1,0.0,1.0,30000000.0,False
0.2183766,50.94614,0.907279415,-0.197417080402,1742043.0,1.0,0.1,0.0,1.0,30000000.0,False
0.050302569,36.83289,0.961709393,0.00959920883179,1253037.53,1.0,0.1,0.0,1.0,30000000.0,False
0.063524246,59.87671,1.07580181,-0.392483055592,1601424.4,1.0,0.1,0.0,1.0,30000000.0,False
0.026730886,46.1536,0.780406615,-0.419963598251,1082262.37,1.0,0.1,0.0,1.0,30000000.0,False
0.1764456,66.99248,0.879171947,-0.203379690647,1311100.29,1.0,0.1,0.0,1.0,30000000.0,False
0.083997093,49.45046,1.39829183,-0.0635829567909,5024702.61,1.0,0.1,0.0,1.0,30000000.0,False
0.044425074,67.60224,0.960780967,-0.438881278038,1977265.43,1.0,0.1,0.0,1.0,30000000.0,False
0.06599199,45.8193,0.710681706,-0.115136444569,5925987.74,1.0,0.1,0.0,1.0,30000000.0,False
0.08620397,36.14984,1.30026224,0.15779042244,2106334.76,1.0,0.1,0.0,1.0,30000000.0,False
0.1357325,97.21586,0.745113641,0.257520794868,2751550.32,1.0,0.1,0.0,1.0,30000000.0,False
0.082061321,71.60411,1.32867559,0.226204395294,2848319.36,1.0,0.1,0.0,1.0,30000000.0,False
0.072141685,69.85645,0.834949527,-0.426600694656,1254054.82,1.0,0.1,0.0,1.0,30000000.0,False
0.058493435,37.37268,1.35737242,0.302546024323,7471208.45,1.0,0.1,0.0,1.0,30000000.0,False
0.2194448,48.9561,1.32144898,-0.069822371006,5408282.22,1.0,0.1,0.0,1.0,30000000.0,False
0.090035215,59.68497,0.729386913,0.237474679947,1577157.02,1.0,0.1,0.0,1.0,30000000.0,False
0.052309852,66.37425,0.710951404,0.218261122704,6254815.75,1.0,0.1,0.0,1.0,30000000.0,False
0.308295,30.32292,1.30679133,0.174027681351,1617987.24,1.0,0.1,0.0,1.0,30000000.0,False
0.067078874,74.33649,1.3578379,-0.217363715172,7910767.7,1.0,0.1,0.0,1.0,30000000.0,False
0.1100413,68.20533,1.30012461,-0.232868492603,5661415.61,1.0,0.1,0.0,1.0,30000000.0,False
0.081402451,57.8643,1.26293448,0.0650123357773,2096805.21,1.0,0.1,0.0,1.0,30000000.0,False
0.021325322,76.49442,1.265565,0.0016804933548,3475753.78,1.0,0.1,0.0,1.0,30000000.0,False
0.2049982,64.13035,1.06409854,-0.0791648030281,1079808.29,1.0,0.1,0.0,1.0,30000000.0,False
0.1468062,77.97614,0.814973732,-0.124292969704,1420952.21,1.0,0.1,0.0,1.0,30000000.0,False
0.233086,31.30541,1.28284984,-0.309864640236,8793562.85,1.0,0.1,0.0,1.0,30000000.0,False
0.09560667,42.84309,0.766031756,-0.340749323368,2179206.03,1.0,0.1,0.0,1.0,30000000.0,False
0.076590404,36.30167,1.29329521,-0.0524845123291,2359498.91,1.0,0.1,0.0,1.0,30000000.0,False
0.080290914,64.3467,0.999265128,0.369781851768,2792161.43,1.0,0.1,0.0,1.0,30000000.0,False
0.057838287,72.50069,1.01639596,-0.156676352024,1947972.75,1.0,0.1,0.0,1.0,30000000.0,False
0.130514,54.341,0.874587997,0.228861451149,1248525.79,1.0,0.1,0.0,1.0,30000000.0,False
0.086133108,53.85605,1.08984718,-0.231509447098,1651401.98,1.0,0.1,0.0,1.0,30000000.0,False
0.1317861,43.48555,1.19596,0.286868095398,7128960.55,1.0,0.1,0.0,1.0,30000000.0,False
0.098799884,55.98747,0.914745134,-0.339272797108,5323927.97,1.0,0.1,0.0,1.0,30000000.0,False
0.060652196,51.35727,1.31782784,0.0266057252884,4416480.68,1.0,0.1,0.0,1.0,30000000.0,False
0.1438434,67.49019,0.760341198,-0.114844441414,1777804.96,1.0,0.1,0.0,1.0,30000000.0,False
0.018316699,61.45468,0.972040911,-0.197960913181,7491551.0,1.0,0.1,0.0,1.0,30000000.0,False
0.1391576,57.67266,1.25563754,0.273048520088,1414434.97,1.0,0.1,0.0,1.0,30000000.0,False
0.1718839,71.26608,0.727177663,0.14034473896,4249482.76,1.0,0.1,0.0,1.0,30000000.0,False
0.1301759,45.66506,0.728839221,-0.099591255188,2859291.78,1.0,0.1,0.0,1.0,30000000.0,False
0.1982013,71.14507,0.825696389,-0.289122164249,5593145.37,1.0,0.1,0.0,1.0,30000000.0,False
0.067330845,57.80102,1.08857178,0.0549378395081,5613221.83,1.0,0.1,0.0,1.0,30000000.0,False
0.1999798,61.5856,1.33479533,0.100897431374,5349069.98,1.0,0.1,0.0,1.0,30000000.0,False
0.06041434,78.1284,1.07441398,-0.195970773697,1867095.63,1.0,0.1,0.0,1.0,30000000.0,False
0.057364505,64.65439,0.983984142,0.141496777534,4858594.81,1.0,0.1,0.0,1.0,30000000.0,False
0.056110349,44.87138,0.937325677,-0.076555788517,7883590.28,1.0,0.1,0.0,1.0,30000000.0,False
0.1101651,39.69995,0.716015035,-0.203556239605,2959493.12,1.0,0.1,0.0,1.0,30000000.0,False
0.2786291,49.64317,1.12190035,-0.488340854645,1346284.45,1.0,0.1,0.0,1.0,30000000.0,False
0.13061,60.43366,0.85561595,0.0660810470581,1956296.22,1.0,0.1,0.0,1.0,30000000.0,False
0.2588054,50.44119,1.09209444,0.169880270958,2091557.16,1.0,0.1,0.0,1.0,30000000.0,False
0.051214181,55.71853,1.27303481,0.0128737688065,1717227.96,1.0,0.1,0.0,1.0,30000000.0,False
0.067434274,54.87814,1.08935367,-0.0612685680389,1439216.26,1.0,0.1,0.0,1.0,30000000.0,False
0.1060125,40.48259,1.02216394,-0.02474629879,4545752.3,1.0,0.1,0.0,1.0,30000000.0,False
0.037310712,68.84901,0.916207019,-0.0697913765907,1754806.89,1.0,0.1,0.0,1.0,30000000.0,False
0.1846217,45.19946,0.78419829,0.0997163057327,2827582.41,1.0,0.1,0.0,1.0,30000000.0,False
0.193289,48.7368,0.974398387,0.118313074112,2482901.09,1.0,0.1,0.0,1.0,30000000.0,False
0.06089507,50.52995,1.2419292,-0.0260601043701,5479910.5,1.0,0.1,0.0,1.0,30000000.0,False
0.1260832,65.34634,1.06148762,0.375759005547,1899424.48,1.0,0.1,0.0,1.0,30000000.0,False
0.074342273,55.30919,0.708151857,0.0823110342026,5517074.83,1.0,0.1,0.0,1.0,30000000.0,False
0.1416892,52.88178,0.949609554,0.296055555344,8670611.62,1.0,0.1,0.0,1.0,30000000.0,False
0.082841814,41.82488,0.915218418,0.205394148827,1503744.89,1.0,0.1,0.0,1.0,30000000.0,False
0.070170254,60.35286,1.01016407,-0.0361312031746,4901363.54,1.0,0.1,0.0,1.0,30000000.0,False
0.029061388,67.01145,0.837156581,-0.0165768861771,5504280.31,1.0,0.1,0.0,1.0,30000000.0,False
0.038362395,47.41119,1.28857169,0.101287841797,4905099.04,1.0,0.1,0.0,1.0,30000000.0,False
0.2413663,35.35952,1.15032957,-0.0314393639565,2024424.68,1.0,0.1,0.0,1.0,30000000.0,False
0.1150554,70.4316,1.11169686,0.0943464040756,2857046.83,1.0,0.1,0.0,1.0,30000000.0,False
0.1682686,48.31514,0.880992149,0.318289875984,1520454.39,1.0,0.1,0.0,1.0,30000000.0,False
0.082531147,57.25325,0.794830217,0.314265847206,2874841.08,1.0,0.1,0.0,1.0,30000000.0,False
0.045582984,74.37935,0.93050664,-0.024227976799,1033572.16,1.0,0.1,0.0,1.0,30000000.0,False
0.07655789,55.75938,0.991782408,-0.202099919319,7641698.81,1.0,0.1,0.0,1.0,30000000.0,False
0.102939,41.96822,0.841187072,0.273059844971,1980739.43,1.0,0.1,0.0,1.0,30000000.0,False
0.1166072,68.96083,1.06119751,0.10609960556,3143602.62,1.0,0.1,0.0,1.0,30000000.0,False
0.081163116,58.76023,0.728397154,0.531297445297,1592326.1,1.0,0.1,0.0,1.0,30000000.0,False
0.02291818,74.27685,1.15673793,-0.28759843111,6015976.26,1.0,0.1,0.0,1.0,30000000.0,False
0.068763807,54.7515,1.03140811,0.221930861473,1632700.61,1.0,0.1,0.0,1.0,30000000.0,False
0.1749384,66.89371,0.85545341,-0.126617014408,6315782.11,1.0,0.1,0.0,1.0,30000000.0,False
0.090962701,73.18393,1.31376706,-0.0381940603256,6859023.42,1.0,0.1,0.0,1.0,30000000.0,False
0.1870765,57.53486,1.28341702,-0.212029337883,3680149.97,1.0,0.1,0.0,1.0,30000000.0,False
0.2391524,59.73631,0.940540255,0.0122927427292,1667216.05,1.0,0.1,0.0,1.0,30000000.0,False
0.03817549,57.34109,1.36678375,-0.229656815529,3189538.1,1.0,0.1,0.0,1.0,30000000.0,False
0.2462738,64.9379,1.1287172,0.207073569298,9727493.05,1.0,0.1,0.0,1.0,30000000.0,False
0.064283997,34.97717,1.20070174,-0.00228029489517,1112265.81,1.0,0.1,0.0,1.0,30000000.0,False
0.06125002,98.38142,1.33478265,-0.0843110084534,7676554.67,1.0,0.1,0.0,1.0,30000000.0,False
0.1859719,57.28236,0.732619318,0.295129179955,3413790.47,1.0,0.1,0.0,1.0,30000000.0,False
0.1067839,78.07436,1.39012753,-0.0332500338554,9131525.46,1.0,0.1,0.0,1.0,30000000.0,False
0.098614037,74.14153,0.89310163,0.040283203125,3324185.44,1.0,0.1,0.0,1.0,30000000.0,False
0.1167962,48.56748,0.735591828,-0.125993132591,3458096.24,1.0,0.1,0.0,1.0,30000000.0,False
0.1312729,54.8885,0.884859986,0.323061347008,6715936.71,1.0,0.1,0.0,1.0,30000000.0,False
0.1139592,43.13046,0.858584923,0.296621918678,6743086.54,1.0,0.1,0.0,1.0,30000000.0,False
0.1018741,49.22344,1.02354463,-0.154635310173,7529604.5,1.0,0.1,0.0,1.0,30000000.0,False
0.1261015,53.97472,0.728120624,-0.21560049057,8509083.1,1.0,0.1,0.0,1.0,30000000.0,False
0.3160827,77.74543,1.34286466,-0.387078940868,1444950.79,1.0,0.1,0.0,1.0,30000000.0,False
0.023548666,59.89921,0.719152011,-0.24444937706,2668094.79,1.0,0.1,0.0,1.0,30000000.0,False
0.109378,59.3489,0.830354309,-0.200411856174,1848368.81,1.0,0.1,0.0,1.0,30000000.0,False
0.1535923,52.69588,0.74729378,-0.156549096107,6790515.46,1.0,0.1,0.0,1.0,30000000.0,False
0.1131887,33.44062,1.38026123,-0.389849841595,3248375.59,1.0,0.1,0.0,1.0,30000000.0,False
0.067706004,60.63693,1.39331439,-0.142659187317,8513289.48,1.0,0.1,0.0,1.0,30000000.0,False
0.1832455,52.25715,0.774207149,0.158204436302,1150299.59,1.0,0.1,0.0,1.0,30000000.0,False
0.065236568,47.12215,1.01473946,0.328231215477,2276630.41,1.0,0.1,0.0,1.0,30000000.0,False
0.1815604,57.94487,1.1470452,-0.0972113609314,1187824.42,1.0,0.1,0.0,1.0,30000000.0,False
0.1792961,43.97903,1.36765223,0.0323351621628,2275981.07,1.0,0.1,0.0,1.0,30000000.0,False
0.1262605,76.91078,0.889449396,-0.216019570827,3392530.63,1.0,0.1,0.0,1.0,30000000.0,False
0.1162583,56.79811,0.931531363,0.0118638277054,2248619.57,1.0,0.1,0.0,1.0,30000000.0,False
0.033731837,78.11224,1.12339742,0.0143889188766,8349156.5,1.0,0.1,0.0,1.0,30000000.0,False
0.096694261,55.82784,1.15605884,0.120892763138,1803889.66,1.0,0.1,0.0,1.0,30000000.0,False
0.1908324,70.44601,1.39783326,0.146702408791,2684648.65,1.0,0.1,0.0,1.0,30000000.0,False
0.1547515,69.75546,1.30623454,0.316674590111,2725100.45,1.0,0.1,0.0,1.0,30000000.0,False
0.1328336,80.16722,0.922574267,-0.0352234244347,7555991.97,1.0,0.1,0.0,1.0,30000000.0,False
0.213938,52.86596,1.09677623,-0.260616004467,7641403.06,1.0,0.1,0.0,1.0,30000000.0,False
0.1462992,48.93597,1.14443704,0.0043751001358,2130632.54,1.0,0.1,0.0,1.0,30000000.0,False
0.052679576,47.21631,1.31797398,-0.251074850559,2223464.31,1.0,0.1,0.0,1.0,30000000.0,False
0.1702435,53.8954,1.26947489,-0.347900032997,4987584.67,1.0,0.1,0.0,1.0,30000000.0,False
0.032958053,59.03183,1.0635672,0.0964924097061,7080982.87,1.0,0.1,0.0,1.0,30000000.0,False
0.047457613,41.56781,1.25395367,0.169086456299,1088674.7,1.0,0.1,0.0,1.0,30000000.0,False
0.081438988,47.16291,0.75558523,-0.0845416784286,5231555.66,1.0,0.1,0.0,1.0,30000000.0,False
0.166558,62.5206,1.39642785,-0.126712858677,8101739.53,1.0,0.1,0.0,1.0,30000000.0,False
0.052607179,60.26124,1.09938737,-0.117930710316,3775580.12,1.0,0.1,0.0,1.0,30000000.0,False
0.041041706,64.65099,0.822512541,-0.0125239491463,1085652.38,1.0,0.1,0.0,1.0,30000000.0,False
0.083571397,48.77674,0.883935721,-0.00776624679565,2068908.01,1.0,0.1,0.0,1.0,30000000.0,False
0.1843502,60.00381,0.748451084,-0.225489914417,4133428.39,1.0,0.1,0.0,1.0,30000000.0,False
0.2364647,50.90476,0.966281615,0.382963776588,3571745.66,1.0,0.1,0.0,1.0,30000000.0,False
0.095295824,75.08986,1.31889579,-0.0332841277122,3452166.86,1.0,0.1,0.0,1.0,30000000.0,False
0.050720453,54.00694,0.761072911,-0.117885708809,4748266.98,1.0,0.1,0.0,1.0,30000000.0,False
0.128331,56.99076,1.25704563,0.307364583015,1312606.86,1.0,0.1,0.0,1.0,30000000.0,False
0.018972773,43.15668,1.22747724,0.00398147106171,6421276.33,1.0,0.1,0.0,1.0,30000000.0,False
0.054551225,76.56894,0.925008012,0.0235511064529,1946137.2,1.0,0.1,0.0,1.0,30000000.0,False
0.1160364,42.7989,1.32823004,-0.00447326898575,2439762.32,1.0,0.1,0.0,1.0,30000000.0,False
0.044512268,78.72382,1.34286993,-0.00491732358932,1165020.09,1.0,0.1,0.0,1.0,30000000.0,False
0.162018,35.39116,1.32890227,-0.174045324326,1357641.15,1.0,0.1,0.0,1.0,30000000.0,False
0.2371566,36.44548,1.20283628,-0.450904250145,8746879.94,1.0,0.1,0.0,1.0,30000000.0,False
0.039738394,63.15245,1.24222986,-0.049886405468,2496848.11,1.0,0.1,0.0,1.0,30000000.0,False
0.092046663,51.51863,1.05149402,0.0439264774323,2790008.82,1.0,0.1,0.0,1.0,30000000.0,False
0.1536324,38.2476,1.31733383,-0.115877628326,6139625.01,1.0,0.1,0.0,1.0,30000000.0,False
0.1049796,72.50179,0.83857874,0.0293081998825,8302178.67,1.0,0.1,0.0,1.0,30000000.0,False
0.037247065,45.43862,1.09987348,0.0350906848907,3969935.34,1.0,0.1,0.0,1.0,30000000.0,False
0.032501601,54.88594,0.814321998,0.00754165649414,2178335.71,1.0,0.1,0.0,1.0,30000000.0,False
0.033187818,90.49346,1.12008014,0.0866520404816,2142591.38,1.0,0.1,0.0,1.0,30000000.0,False
0.039626889,54.63164,0.976888827,0.109921813011,1867326.66,1.0,0.1,0.0,1.0,30000000.0,False
0.1220143,57.43309,1.0829284,-0.0915419459343,4098317.79,1.0,0.1,0.0,1.0,30000000.0,False
0.05648952,52.65287,0.918113834,-0.126579105854,1246002.74,1.0,0.1,0.0,1.0,30000000.0,False
0.055662375,56.87538,0.913193538,-0.177444517612,4627068.32,1.0,0.1,0.0,1.0,30000000.0,False
0.073052898,65.24978,1.13982886,0.0884474515915,4257735.74,1.0,0.1,0.0,1.0,30000000.0,False
0.1131184,69.32382,1.01250776,-0.0486716032028,3937028.25,1.0,0.1,0.0,1.0,30000000.0,False
0.045822483,54.4974,0.728626723,0.0270260572433,3807972.83,1.0,0.1,0.0,1.0,30000000.0,False
0.1149814,51.02532,1.13137994,0.249420285225,1899246.18,1.0,0.1,0.0,1.0,30000000.0,False
0.1405876,38.72253,0.948211186,-0.0641178488731,1493034.38,1.0,0.1,0.0,1.0,30000000.0,False
0.1195947,71.38215,1.39090361,-0.32046854496,1448016.02,1.0,0.1,0.0,1.0,30000000.0,False
0.066488355,42.69659,1.10374468,-0.0671644210815,7384687.94,1.0,0.1,0.0,1.0,30000000.0,False
0.2172847,52.22352,1.20883905,0.335700511932,4283261.65,1.0,0.1,0.0,1.0,30000000.0,False
0.1080785,55.58577,0.812404357,-0.157661437988,1173947.48,1.0,0.1,0.0,1.0,30000000.0,False
0.025781877,76.57548,1.31631723,-0.166476130486,1659958.55,1.0,0.1,0.0,1.0,30000000.0,False
0.1059864,52.96453,1.27740627,0.271122455597,1586514.87,1.0,0.1,0.0,1.0,30000000.0,False
0.060678724,56.44564,0.778014434,0.117361307144,2519367.14,1.0,0.1,0.0,1.0,30000000.0,False
0.1556022,62.04314,1.07901841,-0.00965654850006,5710038.07,1.0,0.1,0.0,1.0,30000000.0,False
0.053874142,49.28171,1.09730226,-0.00803327560425,1108336.5,1.0,0.1,0.0,1.0,30000000.0,False
0.1554168,62.49998,1.19239898,-0.276238679886,8032316.76,1.0,0.1,0.0,1.0,30000000.0,False
0.033282008,63.39678,1.31586185,-0.168518364429,2012604.65,1.0,0.1,0.0,1.0,30000000.0,False
0.1350387,70.32046,0.727768095,-0.397457778454,1029183.95,1.0,0.1,0.0,1.0,30000000.0,False
0.1750677,39.8655,1.33811311,0.257415771484,1660842.96,1.0,0.1,0.0,1.0,30000000.0,False
0.042541359,68.21795,1.07337187,0.0600316524506,6163404.5,1.0,0.1,0.0,1.0,30000000.0,False
0.2655534,44.2522,1.22204359,-0.0110876560211,6338385.48,1.0,0.1,0.0,1.0,30000000.0,False
0.1214102,68.1245,1.1553264,-0.258907079697,3358060.65,1.0,0.1,0.0,1.0,30000000.0,False
0.1621157,62.17986,0.798669705,-0.229753375053,1239368.54,1.0,0.1,0.0,1.0,30000000.0,False
0.033781324,51.13699,0.706112667,-0.0424669384956,5307794.18,1.0,0.1,0.0,1.0,30000000.0,False
0.1013135,61.95558,0.936182697,0.106381177902,9898094.28,1.0,0.1,0.0,1.0,30000000.0,False
0.059113245,50.33614,1.15190755,0.309432983398,6775573.92,1.0,0.1,0.0,1.0,30000000.0,False
0.012479863,65.00909,0.77761692,-0.342382907867,1040497.91,1.0,0.1,0.0,1.0,30000000.0,False
0.038221363,85.05944,0.92209514,-0.331777095795,9252172.98,1.0,0.1,0.0,1.0,30000000.0,False
0.1390835,49.68253,0.913623762,-0.109513700008,9368378.5,1.0,0.1,0.0,1.0,30000000.0,False
0.1670831,53.28387,1.10293601,-0.168110489845,1141243.93,1.0,0.1,0.0,1.0,30000000.0,False
0.029941162,73.16112,1.09342999,-0.383097529411,2769693.92,1.0,0.1,0.0,1.0,30000000.0,False
0.015093646,51.64935,1.04979532,0.358817815781,5069118.59,1.0,0.1,0.0,1.0,30000000.0,False
0.1245069,53.82351,1.25058568,0.0197216272354,7193876.52,1.0,0.1,0.0,1.0,30000000.0,False
0.1141081,44.74308,1.37444668,0.0506129264832,1153028.12,1.0,0.1,0.0,1.0,30000000.0,False
0.043409165,45.07625,0.740730383,-0.0409762859344,6340001.1,1.0,0.1,0.0,1.0,30000000.0,False
0.017022962,87.40287,0.828490095,0.0186547040939,9605212.79,1.0,0.1,0.0,1.0,30000000.0,False
0.074094787,35.23063,0.742362411,0.244542241096,4103006.43,1.0,0.1,0.0,1.0,30000000.0,False
0.1089498,54.90565,0.772329257,0.0192701816559,5575402.17,1.0,0.1,0.0,1.0,30000000.0,False
0.048333555,57.28168,0.853619933,-0.0382114052773,3587428.75,1.0,0.1,0.0,1.0,30000000.0,False
0.1340962,54.25118,0.811749496,-0.335445344448,4963521.11,1.0,0.1,0.0,1.0,30000000.0,False
0.1820409,57.88464,0.800788112,-0.0257091522217,1160814.54,1.0,0.1,0.0,1.0,30000000.0,False
0.2192291,51.97155,0.924308494,-0.0629708170891,1825857.55,1.0,0.1,0.0,1.0,30000000.0,False
0.186963,55.79159,1.01684891,0.318627595901,1373207.33,1.0,0.1,0.0,1.0,30000000.0,False
0.1607862,62.61515,0.956363632,-0.0419951081276,7793902.79,1.0,0.1,0.0,1.0,30000000.0,False
0.1431591,42.05564,0.765489027,-0.102805495262,9696944.5,1.0,0.1,0.0,1.0,30000000.0,False
0.190968,54.36582,1.0089787,-0.0754064321518,6083255.49,1.0,0.1,0.0,1.0,30000000.0,False
0.2976906,44.46528,1.22460017,0.260756611824,2011978.7,1.0,0.1,0.0,1.0,30000000.0,False
0.060573943,62.91731,1.09538804,-0.262966215611,3566490.63,1.0,0.1,0.0,1.0,30000000.0,False
0.192322,51.39764,0.863712952,0.0639851093292,6921844.24,1.0,0.1,0.0,1.0,30000000.0,False
0.1562366,64.564,0.954573916,-0.260028243065,2906362.55,1.0,0.1,0.0,1.0,30000000.0,False
0.057541538,69.60239,1.02903537,0.214839458466,3683512.31,1.0,0.1,0.0,1.0,30000000.0,False
0.2043688,63.10092,1.30741333,-0.0986226201057,7819940.3,1.0,0.1,0.0,1.0,30000000.0,False
0.080076344,61.9898,0.806451865,-0.0898202061653,1442193.12,1.0,0.1,0.0,1.0,30000000.0,False
0.126225,73.75282,0.917586887,-0.521511971951,3923962.49,1.0,0.1,0.0,1.0,30000000.0,False
0.041131269,44.00368,1.12499776,0.167418599129,1108248.27,1.0,0.1,0.0,1.0,30000000.0,False
0.074439853,52.88165,1.01288285,-0.18835490942,1342326.59,1.0,0.1,0.0,1.0,30000000.0,False
0.1853723,54.07282,0.838535278,-0.0741459727287,4065655.36,1.0,0.1,0.0,1.0,30000000.0,False
0.015373744,47.1622,0.856258369,-0.219921529293,2669686.5,1.0,0.1,0.0,1.0,30000000.0,False
0.1306178,41.33323,1.0499837,0.103044509888,1105476.8,1.0,0.1,0.0,1.0,30000000.0,False
0.06386108,56.02341,1.28454629,0.203105211258,1579971.57,1.0,0.1,0.0,1.0,30000000.0,False
0.063350961,55.97084,0.969150428,0.0413151979446,1127005.95,1.0,0.1,0.0,1.0,30000000.0,False
0.055139448,62.5136,1.3030814,-0.157370507717,2409423.08,1.0,0.1,0.0,1.0,30000000.0,False
0.081191294,39.75842,1.29829505,0.0541867017746,1298686.15,1.0,0.1,0.0,1.0,30000000.0,False
0.1294553,66.43324,0.937050361,0.10986161232,9243212.45,1.0,0.1,0.0,1.0,30000000.0,False
0.1633373,57.27739,1.15217532,-0.124145567417,1056016.44,1.0,0.1,0.0,1.0,30000000.0,False
0.097847387,55.02044,1.23662612,-0.08513879776,3550744.58,1.0,0.1,0.0,1.0,30000000.0,False
0.1877365,54.93859,0.835876909,-0.179112613201,7094506.11,1.0,0.1,0.0,1.0,30000000.0,False
0.098477274,53.55009,0.866728803,0.00827550888062,1548320.88,1.0,0.1,0.0,1.0,30000000.0,False
0.1974042,46.93056,1.03138527,0.463134765625,1003982.06,1.0,0.1,0.0,1.0,30000000.0,False
0.042428773,51.0617,0.893430011,0.234597325325,5564805.12,1.0,0.1,0.0,1.0,30000000.0,False
0.1010953,67.09417,1.34800344,-0.141190707684,1415341.43,1.0,0.1,0.0,1.0,30000000.0,False
0.1213979,63.34363,0.735299724,0.203478336334,6947523.35,1.0,0.1,0.0,1.0,30000000.0,False
0.093595833,71.27779,0.805185046,-0.146158635616,1047396.21,1.0,0.1,0.0,1.0,30000000.0,False
0.2465595,55.16335,1.0094874,-0.354225158691,4939164.88,1.0,0.1,0.0,1.0,30000000.0,False
0.1496707,46.61415,1.27557036,0.218853831291,1861104.81,1.0,0.1,0.0,1.0,30000000.0,False
0.022620769,60.01623,1.05757438,-0.0403876304626,7474087.26,1.0,0.1,0.0,1.0,30000000.0,False
0.057047293,43.06409,0.984278413,-0.308259665966,2213439.62,1.0,0.1,0.0,1.0,30000000.0,False
0.1901037,60.48599,0.874132617,0.459382891655,1436867.24,1.0,0.1,0.0,1.0,30000000.0,False
0.052642211,65.82877,0.846246553,0.289931416512,8632490.85,1.0,0.1,0.0,1.0,30000000.0,False
0.065075181,56.34504,1.23357291,0.666959762573,7544022.84,1.0,0.1,0.0,1.0,30000000.0,False
0.1627206,48.98796,1.18305088,-0.0286230444908,1029881.85,1.0,0.1,0.0,1.0,30000000.0,False
0.088090174,91.68276,1.11400289,-0.165106475353,4608290.27,1.0,0.1,0.0,1.0,30000000.0,False
0.1930066,67.14407,0.802827214,-0.214088022709,1003319.78,1.0,0.1,0.0,1.0,30000000.0,False
0.046114109,57.22596,1.09328612,-0.09215092659,2489824.17,1.0,0.1,0.0,1.0,30000000.0,False
0.1381098,61.0157,1.11698449,-0.239775240421,1497328.15,1.0,0.1,0.0,1.0,30000000.0,False
0.242311,62.23627,1.29160391,0.233643889427,3317198.37,1.0,0.1,0.0,1.0,30000000.0,False
0.044672765,38.47365,0.797942843,0.344004631042,2332610.35,1.0,0.1,0.0,1.0,30000000.0,False
0.08794792,42.19439,0.717732629,0.0476996898651,2780577.54,1.0,0.1,0.0,1.0,30000000.0,False
0.041262079,35.84753,0.748893366,-0.189344763756,1424183.82,1.0,0.1,0.0,1.0,30000000.0,False
0.057011776,47.71365,1.12022143,-0.127804398537,2386972.76,1.0,0.1,0.0,1.0,30000000.0,False
0.1297781,49.93292,1.10386193,0.293395876884,1945481.85,1.0,0.1,0.0,1.0,30000000.0,False
0.1329301,58.31247,0.8866013,-0.0226874351501,7464967.49,1.0,0.1,0.0,1.0,30000000.0,False
0.121128,48.59112,0.874058874,0.0670053958893,2319168.83,1.0,0.1,0.0,1.0,30000000.0,False
0.1042388,53.99014,0.87071126,-0.00482606887817,5014369.73,1.0,0.1,0.0,1.0,30000000.0,False
0.067330301,40.24512,1.02702878,0.150253295898,9890317.43,1.0,0.1,0.0,1.0,30000000.0,False
0.1289689,58.012,1.07593218,0.0833204984665,3634502.33,1.0,0.1,0.0,1.0,30000000.0,False
0.1619366,50.45953,1.38836884,-0.105052530766,5820304.23,1.0,0.1,0.0,1.0,30000000.0,False
0.1271838,56.00525,1.22216134,-0.078638792038,3341253.68,1.0,0.1,0.0,1.0,30000000.0,False
0.059717283,43.14366,1.1462919,-0.0686990022659,9062346.03,1.0,0.1,0.0,1.0,30000000.0,False
0.1210229,60.42297,0.962382066,-0.0074987411499,1424899.39,1.0,0.1,0.0,1.0,30000000.0,False
0.071043916,53.28134,1.39495768,0.140868902206,1761774.95,1.0,0.1,0.0,1.0,30000000.0,False
0.2300542,41.30906,0.967103194,0.118494749069,8128428.37,1.0,0.1,0.0,1.0,30000000.0,False
0.069932811,55.38044,0.805958237,-0.0991194248199,7284523.15,1.0,0.1,0.0,1.0,30000000.0,False
0.1199719,65.16244,0.976931811,-0.00644510984421,1847097.56,1.0,0.1,0.0,1.0,30000000.0,False
0.2161863,44.58268,1.03307833,0.157583117485,1785295.77,1.0,0.1,0.0,1.0,30000000.0,False
0.2438091,48.98564,1.21256263,0.0881102085114,4873204.68,1.0,0.1,0.0,1.0,30000000.0,False
0.099032626,65.80203,0.846540517,0.230777144432,1955846.82,1.0,0.1,0.0,1.0,30000000.0,False
0.079194523,51.63686,1.0981317,-0.0193209052086,1392471.53,1.0,0.1,0.0,1.0,30000000.0,False
0.088652387,47.83656,0.773684215,0.297913789749,8767717.16,1.0,0.1,0.0,1.0,30000000.0,False
0.061336588,49.74473,1.34968083,-0.463246047497,1882059.75,1.0,0.1,0.0,1.0,30000000.0,False
0.059910372,40.45096,0.984241266,-0.207182645798,6014656.17,1.0,0.1,0.0,1.0,30000000.0,False
0.1297825,63.05129,1.3268258,0.0253946781158,1824204.03,1.0,0.1,0.0,1.0,30000000.0,False
0.042612039,65.47774,1.14173795,0.120887517929,6654890.58,1.0,0.1,0.0,1.0,30000000.0,False
0.1776335,73.21342,0.979030168,0.123376011848,2549650.6,1.0,0.1,0.0,1.0,30000000.0,False
0.093200468,56.76903,1.06360583,0.0228041410446,7491864.6,1.0,0.1,0.0,1.0,30000000.0,False
0.067846939,50.9023,1.20930911,0.359188914299,6242535.81,1.0,0.1,0.0,1.0,30000000.0,False
0.057030469,74.86777,1.11498816,0.0391757488251,8633828.55,1.0,0.1,0.0,1.0,30000000.0,False
0.070784502,33.51197,1.0286934,0.0349221229553,5594944.98,1.0,0.1,0.0,1.0,30000000.0,False
0.1692787,47.10385,1.09656505,-0.295331120491,1075375.07,1.0,0.1,0.0,1.0,30000000.0,False
0.1792833,70.56183,0.789409818,0.617048382759,9241009.18,1.0,0.1,0.0,1.0,30000000.0,False
0.1564044,55.12385,0.912102142,-0.163234293461,4782040.31,1.0,0.1,0.0,1.0,30000000.0,False
0.056472082,50.82899,1.17408415,-0.317886471748,4088422.36,1.0,0.1,0.0,1.0,30000000.0,False
0.090771057,64.9864,0.821496311,-0.0906388163567,5174518.33,1.0,0.1,0.0,1.0,30000000.0,False
0.1192062,46.87354,0.724654848,-0.14974629879,2173179.44,1.0,0.1,0.0,1.0,30000000.0,False
0.1661383,34.83836,0.7558713,0.330775976181,4330362.57,1.0,0.1,0.0,1.0,30000000.0,False
0.1275844,74.3307,0.762578186,-0.10699480772,2034041.05,1.0,0.1,0.0,1.0,30000000.0,False
0.1845295,48.72054,0.858185616,0.0492867231369,5542543.21,1.0,0.1,0.0,1.0,30000000.0,False
0.1821687,41.11671,1.23121784,-0.0649263858795,1110736.95,1.0,0.1,0.0,1.0,30000000.0,False
0.2020132,50.51785,1.16273703,-0.46226900816,1929388.71,1.0,0.1,0.0,1.0,30000000.0,False
0.1419347,57.26242,1.00043602,0.184553146362,5385054.28,1.0,0.1,0.0,1.0,30000000.0,False
0.2115007,33.09831,1.26938542,-0.187385559082,3551801.74,1.0,0.1,0.0,1.0,30000000.0,False
0.045120742,55.23209,1.11463043,0.211582660675,5622525.0,1.0,0.1,0.0,1.0,30000000.0,False
0.2152759,57.66874,0.956479765,-0.103170931339,1670192.23,1.0,0.1,0.0,1.0,30000000.0,False
0.083313845,57.96861,1.33956161,-0.0346421599388,2704645.43,1.0,0.1,0.0,1.0,30000000.0,False
0.052627191,78.16798,0.942604237,0.322166919708,2895490.24,1.0,0.1,0.0,1.0,30000000.0,False
0.2725509,84.00259,1.12591335,-0.0227089524269,8705557.07,1.0,0.1,0.0,1.0,30000000.0,False
0.2021306,63.09267,0.918675053,-0.15604788065,9486436.72,1.0,0.1,0.0,1.0,30000000.0,False
0.052577201,85.61554,1.07317836,-0.406185090542,7635276.67,1.0,0.1,0.0,1.0,30000000.0,False
0.2404194,55.93621,1.10171803,-0.595716744661,1802310.33,1.0,0.1,0.0,1.0,30000000.0,False
0.026341358,52.07157,0.771503082,-0.117211401463,1236990.15,1.0,0.1,0.0,1.0,30000000.0,False
0.2292037,54.40014,0.92352369,0.0505197048187,1397741.39,1.0,0.1,0.0,1.0,30000000.0,False
0.09605322,49.68148,0.708707531,-0.22035998106,8974157.58,1.0,0.1,0.0,1.0,30000000.0,False
0.2261448,46.52394,1.37237916,-0.209574341774,7367945.52,1.0,0.1,0.0,1.0,30000000.0,False
0.020757742,54.39957,1.02116791,0.0199981927872,2935049.07,1.0,0.1,0.0,1.0,30000000.0,False
0.1212761,43.36077,0.84745579,-0.220864415169,9973367.5,1.0,0.1,0.0,1.0,30000000.0,False
0.2275496,54.78101,1.0490723,0.28564620018,5503487.92,1.0,0.1,0.0,1.0,30000000.0,False
0.094757944,37.18007,0.747071522,-0.109057724476,3073454.94,1.0,0.1,0.0,1.0,30000000.0,False
0.048793703,70.5977,0.773668944,-0.0730588436127,2765362.92,1.0,0.1,0.0,1.0,30000000.0,False
0.037314281,52.53946,1.16852679,0.239022016525,5154361.71,1.0,0.1,0.0,1.0,30000000.0,False
0.089107163,58.04025,0.887930344,-0.311173021793,7701786.83,1.0,0.1,0.0,1.0,30000000.0,False
0.037912332,45.5125,1.13251973,-0.0775208473206,2918127.82,1.0,0.1,0.0,1.0,30000000.0,False
0.090013623,58.33319,1.04574349,0.254188299179,8273164.89,1.0,0.1,0.0,1.0,30000000.0,False
0.045173626,78.32091,1.1092176,-0.111173868179,1623833.52,1.0,0.1,0.0,1.0,30000000.0,False
0.061165392,50.35937,1.28184534,-0.343387722969,4926508.93,1.0,0.1,0.0,1.0,30000000.0,False
0.044995073,57.43594,0.819466372,-0.150002121925,1830947.33,1.0,0.1,0.0,1.0,30000000.0,False
0.1182477,59.00971,0.749451614,0.302259802818,4030292.87,1.0,0.1,0.0,1.0,30000000.0,False
0.1716535,71.9549,1.08032658,0.314086079597,8590741.52,1.0,0.1,0.0,1.0,30000000.0,False
0.183467,53.55952,1.24391859,0.0607652664185,2472854.42,1.0,0.1,0.0,1.0,30000000.0,False
0.086712912,60.15435,0.916860574,-0.133471310139,4873932.42,1.0,0.1,0.0,1.0,30000000.0,False
0.2479002,42.62524,1.15703795,0.110944867134,1948658.36,1.0,0.1,0.0,1.0,30000000.0,False
0.030659581,53.90521,0.73910462,0.205971956253,1714492.59,1.0,0.1,0.0,1.0,30000000.0,False
0.099015348,57.23201,1.34095245,0.00606501102448,6072573.22,1.0,0.1,0.0,1.0,30000000.0,False
0.066449948,56.7266,1.31376332,-0.432938396931,4446597.07,1.0,0.1,0.0,1.0,30000000.0,False
0.1600067,71.98596,0.783331862,-0.47131383419,1571359.31,1.0,0.1,0.0,1.0,30000000.0,False
0.1372815,76.04875,0.977938123,-0.00846344232559,2455449.61,1.0,0.1,0.0,1.0,30000000.0,False
0.1133677,56.73623,0.703751019,-0.0766893029213,1118785.56,1.0,0.1,0.0,1.0,30000000.0,False
0.036624823,53.45616,1.14734958,0.0577609539032,3033432.94,1.0,0.1,0.0,1.0,30000000.0,False
0.084051706,52.67482,0.792122605,0.133236527443,1973952.34,1.0,0.1,0.0,1.0,30000000.0,False
0.2140221,60.48507,0.837539165,-0.0842306017876,1231525.42,1.0,0.1,0.0,1.0,30000000.0,False
0.083580442,81.2642,0.909561179,0.0150574445724,1629483.53,1.0,0.1,0.0,1.0,30000000.0,False
0.065064847,71.9086,1.03386098,0.0417280197144,1706607.29,1.0,0.1,0.0,1.0,30000000.0,False
0.183194,62.62276,0.901569799,0.147849321365,5211639.63,1.0,0.1,0.0,1.0,30000000.0,False
0.067944847,55.80053,0.869035801,-0.026203751564,9069652.33,1.0,0.1,0.0,1.0,30000000.0,False
0.043357197,36.55527,0.777317096,-0.264684796333,4029659.03,1.0,0.1,0.0,1.0,30000000.0,False
0.1266062,56.55888,0.997848385,0.229750752449,1602675.2,1.0,0.1,0.0,1.0,30000000.0,False
0.044823546,51.72033,0.796195916,-0.0725683569908,8566200.85,1.0,0.1,0.0,1.0,30000000.0,False
0.125239,49.17257,1.39525348,-0.501840472221,3049862.91,1.0,0.1,0.0,1.0,30000000.0,False
0.030138828,52.665,1.04969488,0.0305451154709,4898279.57,1.0,0.1,0.0,1.0,30000000.0,False
0.1822651,40.11672,1.27883941,0.0339783430099,2236051.45,1.0,0.1,0.0,1.0,30000000.0,False
0.057876207,62.18914,1.24953979,0.212506890297,1570263.0,1.0,0.1,0.0,1.0,30000000.0,False
0.073537305,53.63649,0.793818745,0.216449737549,3525114.29,1.0,0.1,0.0,1.0,30000000.0,False
0.1181449,48.15894,0.953159593,-0.331989765167,1545189.0,1.0,0.1,0.0,1.0,30000000.0,False
0.1140519,64.03596,0.838809183,0.215741634369,2112465.44,1.0,0.1,0.0,1.0,30000000.0,False
0.3373472,55.54645,1.3356714,0.178973793983,1723248.28,1.0,0.1,0.0,1.0,30000000.0,False
0.1179189,40.95989,0.868337855,0.115233182907,3075289.54,1.0,0.1,0.0,1.0,30000000.0,False
0.025507135,78.49499,0.83743052,-0.236010432243,2932621.87,1.0,0.1,0.0,1.0,30000000.0,False
0.021133527,57.39952,0.922871181,-0.142171144485,1851112.61,1.0,0.1,0.0,1.0,30000000.0,False
0.037793204,48.09771,1.05843151,-0.113925039768,1900859.06,1.0,0.1,0.0,1.0,30000000.0,False
0.048140265,56.21281,0.987288535,-0.138304173946,2505820.98,1.0,0.1,0.0,1.0,30000000.0,False
0.120868,56.53738,0.889729069,0.123294353485,3902117.73,1.0,0.1,0.0,1.0,30000000.0,False
0.055923786,44.24592,0.917822337,0.155442476273,1015047.99,1.0,0.1,0.0,1.0,30000000.0,False
0.05939861,63.58949,0.846672784,0.281998634338,5243814.84,1.0,0.1,0.0,1.0,30000000.0,False
0.080127276,44.23879,1.10122487,-0.0453479886055,5304135.62,1.0,0.1,0.0,1.0,30000000.0,False
0.1448891,50.07073,0.87255102,0.0872682332993,1611879.04,1.0,0.1,0.0,1.0,30000000.0,False
0.1248082,52.97123,1.26434104,0.207378387451,5829733.78,1.0,0.1,0.0,1.0,30000000.0,False
0.066736683,45.75324,1.16436465,-0.25081884861,1747151.38,1.0,0.1,0.0,1.0,30000000.0,False
0.1032313,41.8396,0.901069304,0.15193426609,2270914.51,1.0,0.1,0.0,1.0,30000000.0,False
0.2640368,58.89365,1.16840234,-0.0117675662041,3561670.04,1.0,0.1,0.0,1.0,30000000.0,False
0.1187062,53.34861,1.3804853,-0.245597243309,2588732.58,1.0,0.1,0.0,1.0,30000000.0,False
0.073037103,48.6613,1.17509892,0.118444800377,1134459.89,1.0,0.1,0.0,1.0,30000000.0,False
0.087829694,56.73244,1.30777669,-0.51430362463,1247801.31,1.0,0.1,0.0,1.0,30000000.0,False
0.1195169,64.543,0.988263827,0.171420454979,5104231.77,1.0,0.1,0.0,1.0,30000000.0,False
0.074653506,47.04551,0.930837488,-0.281957805157,2733326.38,1.0,0.1,0.0,1.0,30000000.0,False
0.056581665,59.40683,1.22573066,-0.30025357008,2369104.07,1.0,0.1,0.0,1.0,30000000.0,False
0.039438654,43.09634,0.787580631,-0.0226628780365,5825358.07,1.0,0.1,0.0,1.0,30000000.0,False
0.1048544,54.78584,1.22042353,-0.0590820908546,7938125.97,1.0,0.1,0.0,1.0,30000000.0,False
0.1790768,85.02258,1.18509734,0.0527045726776,2477338.38,1.0,0.1,0.0,1.0,30000000.0,False
0.028432243,57.87545,1.09551037,0.210616469383,2596781.19,1.0,0.1,0.0,1.0,30000000.0,False
0.1265596,45.2411,0.730724339,0.104750156403,3207350.12,1.0,0.1,0.0,1.0,30000000.0,False
0.042934548,41.25002,0.992598439,-0.301245748997,3690638.25,1.0,0.1,0.0,1.0,30000000.0,False
0.049857758,55.81019,1.00206226,0.30245745182,1753725.32,1.0,0.1,0.0,1.0,30000000.0,False
0.06016859,52.73814,1.24786173,-0.0571084022522,5125241.72,1.0,0.1,0.0,1.0,30000000.0,False
0.217378,45.4766,1.20662681,0.335472226143,6683150.06,1.0,0.1,0.0,1.0,30000000.0,False
0.039418783,68.94153,1.16000303,-0.066001534462,4796614.18,1.0,0.1,0.0,1.0,30000000.0,False
0.051171061,44.83458,0.923050973,-0.0429300665855,5876091.72,1.0,0.1,0.0,1.0,30000000.0,False
0.1650997,61.68006,0.779105498,-0.0600645542145,5459641.67,1.0,0.1,0.0,1.0,30000000.0,False
0.046057578,46.28791,1.18252435,0.15943133831,1521248.4,1.0,0.1,0.0,1.0,30000000.0,False
0.040989283,37.37426,1.02839016,0.0748450756073,1633055.03,1.0,0.1,0.0,1.0,30000000.0,False
0.1466639,48.04651,1.23958091,-0.0117263793945,6517612.31,1.0,0.1,0.0,1.0,30000000.0,False
0.1219821,47.80416,0.959035304,0.177013397217,1056232.74,1.0,0.1,0.0,1.0,30000000.0,False
0.1196925,48.92664,1.07172669,0.142486095428,7256089.55,1.0,0.1,0.0,1.0,30000000.0,False
0.081712343,57.82754,1.18786453,-0.0909543037415,1801122.54,1.0,0.1,0.0,1.0,30000000.0,False
0.065781273,50.42052,0.752513855,-0.160328745842,2869752.85,1.0,0.1,0.0,1.0,30000000.0,False
0.048088953,49.27021,1.11381448,-0.135816514492,1906141.44,1.0,0.1,0.0,1.0,30000000.0,False
0.076071419,69.18922,0.706014617,-0.0567844510078,8355343.09,1.0,0.1,0.0,1.0,30000000.0,False
0.1395964,67.8089,1.24189005,0.0349566936493,4223685.11,1.0,0.1,0.0,1.0,30000000.0,False
0.079177268,81.45728,0.958465704,0.641310214996,1211814.11,1.0,0.1,0.0,1.0,30000000.0,False
0.057171237,73.06248,0.851708781,0.248326897621,1954554.89,1.0,0.1,0.0,1.0,30000000.0,False
0.1309956,54.4194,0.930904156,-0.10114222765,1120449.36,1.0,0.1,0.0,1.0,30000000.0,False
0.2111396,45.52483,1.20148926,-0.402422189713,6501496.23,1.0,0.1,0.0,1.0,30000000.0,False
0.1626684,45.76602,1.03951335,-0.142910182476,3312391.04,1.0,0.1,0.0,1.0,30000000.0,False
0.1397079,62.12023,0.930961098,0.145112156868,7374793.59,1.0,0.1,0.0,1.0,30000000.0,False
0.072756492,43.4563,0.995440116,-0.0537930130959,7003695.53,1.0,0.1,0.0,1.0,30000000.0,False
0.034130212,54.69409,1.13472394,-0.212239265442,3282114.24,1.0,0.1,0.0,1.0,30000000.0,False
0.036401104,57.99496,0.720468014,-0.323821604252,2046930.12,1.0,0.1,0.0,1.0,30000000.0,False
0.1172099,64.63795,0.968193879,-0.0452507734299,5082950.75,1.0,0.1,0.0,1.0,30000000.0,False
0.03893226,58.13207,0.852979511,-0.0153109431267,2735290.35,1.0,0.1,0.0,1.0,30000000.0,False
0.328845,61.35226,1.31772652,-0.0456137657166,1517153.67,1.0,0.1,0.0,1.0,30000000.0,False
0.065578364,60.07315,1.33482048,-0.27385532856,4587020.42,1.0,0.1,0.0,1.0,30000000.0,False
0.029942319,55.62764,0.96717214,0.327477931976,9337697.88,1.0,0.1,0.0,1.0,30000000.0,False
0.096895412,50.43685,1.32356373,0.0609574317932,4358808.2,1.0,0.1,0.0,1.0,30000000.0,False
0.1864556,55.38086,1.14192712,0.00138545036316,3396643.5,1.0,0.1,0.0,1.0,30000000.0,False
0.053962726,53.93752,0.772403863,-0.245030522346,4449497.42,1.0,0.1,0.0,1.0,30000000.0,False
0.1157272,96.5074,0.721030033,-0.114043414593,7509785.24,1.0,0.1,0.0,1.0,30000000.0,False
0.085603446,64.40579,1.01957293,0.0169326066971,2646563.66,1.0,0.1,0.0,1.0,30000000.0,False
0.1604205,51.8419,1.22084811,-0.106118857861,1337982.73,1.0,0.1,0.0,1.0,30000000.0,False
0.065569185,66.61395,0.739112067,-0.168239831924,4337203.83,1.0,0.1,0.0,1.0,30000000.0,False
0.1057288,47.10337,0.775241377,-0.0353556871414,5471331.37,1.0,0.1,0.0,1.0,30000000.0,False
0.1502756,54.01382,1.19099407,-0.115799248219,2025165.54,1.0,0.1,0.0,1.0,30000000.0,False
0.08210557,49.84103,1.14767363,-0.0783220529556,2437394.61,1.0,0.1,0.0,1.0,30000000.0,False
0.118758,52.24598,1.37998571,0.318276286125,1453017.3,1.0,0.1,0.0,1.0,30000000.0,False
0.022139343,59.81915,1.08382426,-0.377708911896,8164252.63,1.0,0.1,0.0,1.0,30000000.0,False
0.1068094,45.2788,0.732426003,-0.0635750293732,1423035.65,1.0,0.1,0.0,1.0,30000000.0,False
0.050780892,66.4782,1.37652294,-0.044252038002,1583465.84,1.0,0.1,0.0,1.0,30000000.0,False
0.1112179,69.16599,0.740258829,0.297233581543,1051679.36,1.0,0.1,0.0,1.0,30000000.0,False
0.0873513,57.09319,1.00273391,0.308006167412,1986746.67,1.0,0.1,0.0,1.0,30000000.0,False
0.06004091,48.01337,0.997172715,-0.0891807675362,1121902.04,1.0,0.1,0.0,1.0,30000000.0,False
0.028884895,50.40372,0.986641946,0.201567292213,4156840.75,1.0,0.1,0.0,1.0,30000000.0,False
0.1347382,55.1644,0.792253734,0.0191161632538,2018715.32,1.0,0.1,0.0,1.0,30000000.0,False
0.042221371,53.07343,1.05316022,0.057926774025,9104852.64,1.0,0.1,0.0,1.0,30000000.0,False
0.205585,80.22305,1.11734035,0.374963760376,2683307.26,1.0,0.1,0.0,1.0,30000000.0,False
0.040107019,52.46766,1.08718768,-0.474208772182,8348111.52,1.0,0.1,0.0,1.0,30000000.0,False
0.2152378,58.62106,1.16441049,-0.236037433147,1009970.43,1.0,0.1,0.0,1.0,30000000.0,False
0.1285895,61.6049,1.20296927,0.405629634857,3959657.49,1.0,0.1,0.0,1.0,30000000.0,False
0.2760388,62.25509,1.27222946,0.122288584709,2429503.71,1.0,0.1,0.0,1.0,30000000.0,False
0.081458524,57.84822,0.799176549,-0.423067390919,1426035.21,1.0,0.1,0.0,1.0,30000000.0,False
0.1000518,51.97773,1.29798092,0.22648358345,8720681.93,1.0,0.1,0.0,1.0,30000000.0,False
0.029574994,56.40081,0.835411416,0.325057268143,5473946.67,1.0,0.1,0.0,1.0,30000000.0,False
0.2121588,49.04302,1.2644043,-0.0122553110123,9988383.49,1.0,0.1,0.0,1.0,30000000.0,False
0.1170973,62.26373,0.768224946,-0.136711001396,4818596.0,1.0,0.1,0.0,1.0,30000000.0,False
0.1262701,63.59792,0.80732944,0.276347994804,3282219.2,1.0,0.1,0.0,1.0,30000000.0,False
0.038212627,65.70578,0.854597304,-0.217565357685,7864751.72,1.0,0.1,0.0,1.0,30000000.0,False
0.1842678,53.84107,1.35116033,0.23773431778,9272298.51,1.0,0.1,0.0,1.0,30000000.0,False
0.1025094,57.0574,0.730147581,-0.0399397611618,1236921.92,1.0,0.1,0.0,1.0,30000000.0,False
0.1522495,61.66174,0.793408273,-0.307324230671,7459761.63,1.0,0.1,0.0,1.0,30000000.0,False
0.055883881,53.4235,1.16749035,0.264354467392,7556035.52,1.0,0.1,0.0,1.0,30000000.0,False
0.1346944,44.02198,1.29309491,-0.198296129704,1430953.21,1.0,0.1,0.0,1.0,30000000.0,False
0.086764567,49.32105,0.731780402,0.256024360657,5978434.65,1.0,0.1,0.0,1.0,30000000.0,False
0.1641489,43.08942,1.05416663,0.0203821659088,9323896.82,1.0,0.1,0.0,1.0,30000000.0,False
0.073836371,58.49918,1.2139995,-0.430263996124,1682218.7,1.0,0.1,0.0,1.0,30000000.0,False
0.084604524,52.86554,0.904989691,-0.0260381698608,3215099.81,1.0,0.1,0.0,1.0,30000000.0,False
0.046609011,70.13741,1.28566232,0.167044758797,1564470.82,1.0,0.1,0.0,1.0,30000000.0,False
0.1572097,62.2301,1.11908139,-0.00710701942444,3744132.46,1.0,0.1,0.0,1.0,30000000.0,False
0.081006974,60.44162,0.909115929,-0.279920518398,5444064.11,1.0,0.1,0.0,1.0,30000000.0,False
0.048150528,68.39253,1.25572718,0.333334803581,3905261.58,1.0,0.1,0.0,1.0,30000000.0,False
0.037307173,43.74129,0.951434184,0.0130108594894,3323758.89,1.0,0.1,0.0,1.0,30000000.0,False
0.1387687,43.9239,0.910812872,0.0672663450241,8005932.51,1.0,0.1,0.0,1.0,30000000.0,False
0.1368983,53.02189,0.797191948,-0.131846308708,1157610.25,1.0,0.1,0.0,1.0,30000000.0,False
0.1472268,53.61805,1.00546821,-0.140309274197,6961159.53,1.0,0.1,0.0,1.0,30000000.0,False
0.2445432,53.94521,1.10201457,0.24834883213,2360255.98,1.0,0.1,0.0,1.0,30000000.0,False
0.076621108,72.83347,0.974170116,-0.0805581212044,5959160.03,1.0,0.1,0.0,1.0,30000000.0,False
0.088930771,54.67933,0.854351599,0.162496209145,2084544.84,1.0,0.1,0.0,1.0,30000000.0,False
0.094441146,43.29645,1.28756149,0.111306667328,7370807.81,1.0,0.1,0.0,1.0,30000000.0,False
0.1089078,48.30592,0.84215299,-0.391819000244,3634373.63,1.0,0.1,0.0,1.0,30000000.0,False
0.1673061,54.74844,1.33712461,-0.0883954167366,5814616.31,1.0,0.1,0.0,1.0,30000000.0,False
0.084646769,53.17196,1.07048669,0.122230529785,1323262.24,1.0,0.1,0.0,1.0,30000000.0,False
0.1495,40.68651,1.10734151,-0.126972854137,1854367.5,1.0,0.1,0.0,1.0,30000000.0,False
0.1897852,71.47254,0.792897953,0.466552257538,2514768.28,1.0,0.1,0.0,1.0,30000000.0,False
0.044686727,39.42611,0.896153803,-0.063847899437,1586418.9,1.0,0.1,0.0,1.0,30000000.0,False
0.038269352,40.26676,0.999220459,-0.101158380508,6907883.08,1.0,0.1,0.0,1.0,30000000.0,False
0.1212359,57.91813,0.900538205,-0.0899362564087,1154273.75,1.0,0.1,0.0,1.0,30000000.0,False
0.096131027,69.51234,0.880802008,-0.155362188816,4859689.85,1.0,0.1,0.0,1.0,30000000.0,False
0.1052907,46.7669,1.12103841,0.166389703751,7087113.87,1.0,0.1,0.0,1.0,30000000.0,False
0.029598702,53.05762,0.908845462,-0.249884188175,2452304.41,1.0,0.1,0.0,1.0,30000000.0,False
0.036134023,61.05278,1.00746748,0.216375589371,3533834.49,1.0,0.1,0.0,1.0,30000000.0,False
0.082223162,47.26297,1.28630276,0.121094703674,3656710.37,1.0,0.1,0.0,1.0,30000000.0,False
0.061506752,57.41474,0.710734534,0.070801615715,9046989.92,1.0,0.1,0.0,1.0,30000000.0,False
0.1320482,54.96548,1.32049271,-0.182983994484,2742313.97,1.0,0.1,0.0,1.0,30000000.0,False
0.1039735,49.17215,1.08369831,-0.0422414541245,1241076.93,1.0,0.1,0.0,1.0,30000000.0,False
0.042056706,67.96528,0.94176279,0.067830324173,1135355.96,1.0,0.1,0.0,1.0,30000000.0,False
0.1327667,50.42941,1.15882328,-0.339489042759,1099914.73,1.0,0.1,0.0,1.0,30000000.0,False
0.1444561,81.21803,0.921376869,0.04443359375,5793414.01,1.0,0.1,0.0,1.0,30000000.0,False
0.06672065,59.8887,1.12237467,0.128260731697,1843101.33,1.0,0.1,0.0,1.0,30000000.0,False
0.058752775,55.24068,0.709594122,-0.0640989542007,4934294.04,1.0,0.1,0.0,1.0,30000000.0,False
0.039288346,59.50271,1.33911561,-0.0711633563042,2868990.83,1.0,0.1,0.0,1.0,30000000.0,False
0.1380182,61.86855,0.996583017,0.170500993729,3207281.45,1.0,0.1,0.0,1.0,30000000.0,False
0.1163874,47.43831,0.71902622,-0.199868559837,5461848.08,1.0,0.1,0.0,1.0,30000000.0,False
0.025251379,56.08353,0.743250647,0.20384144783,5218103.95,1.0,0.1,0.0,1.0,30000000.0,False
0.07562764,58.44143,0.780779539,0.11972630024,1191540.41,1.0,0.1,0.0,1.0,30000000.0,False
0.039998777,56.39874,0.854279066,-0.126061975956,8379743.16,1.0,0.1,0.0,1.0,30000000.0,False
0.053771943,68.40313,1.11666487,0.142861485481,1895370.45,1.0,0.1,0.0,1.0,30000000.0,False
0.2872063,57.44481,1.33329767,-0.0140514969826,4009816.51,1.0,0.1,0.0,1.0,30000000.0,False
0.199157,46.07917,1.28401028,-0.212507724762,1357546.03,1.0,0.1,0.0,1.0,30000000.0,False
0.1454296,45.54163,1.09885689,0.0834538936615,3293258.86,1.0,0.1,0.0,1.0,30000000.0,False
0.036346238,58.31842,0.739195481,-0.095287322998,1552328.95,1.0,0.1,0.0,1.0,30000000.0,False
0.2046921,38.10897,0.975645705,-0.180381417274,4543771.91,1.0,0.1,0.0,1.0,30000000.0,False
0.048850544,73.00179,0.791476981,-0.121197640896,4914528.84,1.0,0.1,0.0,1.0,30000000.0,False
0.1586396,64.60942,1.3938996,-0.146830976009,3099732.07,1.0,0.1,0.0,1.0,30000000.0,False
0.069187447,34.96238,0.995560871,0.30122256279,4285603.12,1.0,0.1,0.0,1.0,30000000.0,False
0.2318931,55.38176,0.96441339,-0.307517409325,1061210.5,1.0,0.1,0.0,1.0,30000000.0,False
0.1121766,55.9041,1.29151693,-0.139514088631,8172014.67,1.0,0.1,0.0,1.0,30000000.0,False
0.1323641,46.51186,0.903717456,0.0836533308029,3770266.83,1.0,0.1,0.0,1.0,30000000.0,False
0.1755893,51.50969,1.03176769,0.387655258179,3176806.3,1.0,0.1,0.0,1.0,30000000.0,False
0.1758248,56.73234,0.701681509,-0.0866165161133,3732919.84,1.0,0.1,0.0,1.0,30000000.0,False
0.086108536,56.78089,1.01214737,0.352202892303,5420372.26,1.0,0.1,0.0,1.0,30000000.0,False
0.076859251,56.63557,0.814150779,0.0656658411026,3957506.04,1.0,0.1,0.0,1.0,30000000.0,False
0.062062595,58.77882,1.06647233,-0.408651709557,6108530.87,1.0,0.1,0.0,1.0,30000000.0,False
0.1235236,45.67199,0.716523657,0.0821651220322,8372330.75,1.0,0.1,0.0,1.0,30000000.0,False
0.2492449,42.30214,1.05954477,0.0415326356888,1441212.2,1.0,0.1,0.0,1.0,30000000.0,False
0.1526644,47.53883,1.372637,0.0393748283386,3688453.77,1.0,0.1,0.0,1.0,30000000.0,False
0.051937334,65.09533,0.821264059,-0.0509948730469,9987805.01,1.0,0.1,0.0,1.0,30000000.0,False
0.076078795,40.11844,1.04908829,-0.132471561432,7571750.35,1.0,0.1,0.0,1.0,30000000.0,False
0.1167976,58.8276,0.937476544,0.00319826602936,7170503.19,1.0,0.1,0.0,1.0,30000000.0,False
0.1748305,45.41719,0.72768954,0.0576803684235,2134442.2,1.0,0.1,0.0,1.0,30000000.0,False
0.1409551,48.42549,0.888360777,-0.0149855017662,2588077.86,1.0,0.1,0.0,1.0,30000000.0,False
0.1627418,52.2863,1.15180104,0.333065867424,2221344.62,1.0,0.1,0.0,1.0,30000000.0,False
0.070953332,50.75644,0.915246948,0.270215272903,4201660.46,1.0,0.1,0.0,1.0,30000000.0,False
0.1341744,54.43909,0.759507286,-0.348622918129,1168257.31,1.0,0.1,0.0,1.0,30000000.0,False
0.05573342,60.26641,1.17878129,-0.107245981693,9014176.83,1.0,0.1,0.0,1.0,30000000.0,False
0.1445031,37.77579,1.0283687,0.350456118584,2816788.88,1.0,0.1,0.0,1.0,30000000.0,False
0.1402772,60.32909,0.7388075,0.164774298668,3342542.96,1.0,0.1,0.0,1.0,30000000.0,False
0.040507086,99.72534,0.844405755,-0.326281487942,7403002.43,1.0,0.1,0.0,1.0,30000000.0,False
0.035943136,62.47018,1.00847401,0.130556941032,1017165.08,1.0,0.1,0.0,1.0,30000000.0,False
0.1115442,50.63898,1.35514491,0.277074098587,3367752.09,1.0,0.1,0.0,1.0,30000000.0,False
0.090900287,74.29506,1.12478022,0.310556530952,3326313.96,1.0,0.1,0.0,1.0,30000000.0,False
0.031589244,52.58195,1.2760563,0.139715433121,2635503.15,1.0,0.1,0.0,1.0,30000000.0,False
0.049758874,54.14351,0.864624073,0.11906683445,2767331.5,1.0,0.1,0.0,1.0,30000000.0,False
0.1299181,56.13845,1.38371123,-0.286641061306,4894107.93,1.0,0.1,0.0,1.0,30000000.0,False
0.03705636,51.75483,0.942674396,-0.371606051922,3189854.16,1.0,0.1,0.0,1.0,30000000.0,False
0.065887965,52.35077,1.28087454,-0.407632768154,2364609.28,1.0,0.1,0.0,1.0,30000000.0,False
0.2084415,45.31283,1.22906787,-0.0581983923912,6235867.82,1.0,0.1,0.0,1.0,30000000.0,False
0.023224153,72.17954,1.32584783,0.0513397455215,1327829.56,1.0,0.1,0.0,1.0,30000000.0,False
0.1362667,56.05166,1.3962043,-0.0305017828941,9841647.39,1.0,0.1,0.0,1.0,30000000.0,False
0.1402348,52.05162,1.34204397,-0.20847016573,2816296.02,1.0,0.1,0.0,1.0,30000000.0,False
0.090466663,49.23738,0.755937844,-0.121925294399,1633957.06,1.0,0.1,0.0,1.0,30000000.0,False
0.044661283,58.3803,1.31531799,0.137278318405,1725086.39,1.0,0.1,0.0,1.0,30000000.0,False
0.081700362,50.89093,0.875582013,0.151131272316,4837824.65,1.0,0.1,0.0,1.0,30000000.0,False
0.079588592,68.52013,0.846359962,-0.320739328861,1533534.54,1.0,0.1,0.0,1.0,30000000.0,False
0.094168752,44.02372,0.976189397,0.244998812675,5516706.85,1.0,0.1,0.0,1.0,30000000.0,False
0.2127476,55.59804,1.15496412,-0.21697551012,7385096.39,1.0,0.1,0.0,1.0,30000000.0,False
0.040873025,61.6264,1.29717839,-0.270426988602,4129783.45,1.0,0.1,0.0,1.0,30000000.0,False
0.2222699,64.20694,0.910064831,0.0636780261993,7601733.88,1.0,0.1,0.0,1.0,30000000.0,False
0.1264541,58.57353,0.885408779,0.0127662420273,1210899.95,1.0,0.1,0.0,1.0,30000000.0,False
0.1737418,57.81596,0.990363999,-0.0840114951134,1396532.93,1.0,0.1,0.0,1.0,30000000.0,False
0.09050075,54.00539,0.980177735,-0.105086624622,1565693.95,1.0,0.1,0.0,1.0,30000000.0,False
0.1736528,59.63985,0.839576142,0.205246448517,2602241.19,1.0,0.1,0.0,1.0,30000000.0,False
0.1938188,46.62852,0.803409875,-0.217553913593,1078839.12,1.0,0.1,0.0,1.0,30000000.0,False
0.173861,40.96928,1.30552307,-0.421772062778,5048034.54,1.0,0.1,0.0,1.0,30000000.0,False
0.061625574,42.31077,0.919156732,0.201520800591,1510122.19,1.0,0.1,0.0,1.0,30000000.0,False
0.048589721,63.93125,0.708731546,-0.245987713337,2097395.24,1.0,0.1,0.0,1.0,30000000.0,False
0.2159281,55.20906,0.940527102,0.344605445862,3501254.87,1.0,0.1,0.0,1.0,30000000.0,False
0.1024932,48.90539,1.34576641,-0.0169178247452,4197058.38,1.0,0.1,0.0,1.0,30000000.0,False
0.069686063,44.61224,1.25609771,0.157595872879,3262218.37,1.0,0.1,0.0,1.0,30000000.0,False
0.1726139,51.62154,0.782162458,0.135835766792,7284871.08,1.0,0.1,0.0,1.0,30000000.0,False
0.1290194,44.87983,0.738140557,-0.107689201832,4396412.9,1.0,0.1,0.0,1.0,30000000.0,False
0.1980512,63.35894,0.893474879,-0.101201534271,5844010.62,1.0,0.1,0.0,1.0,30000000.0,False
0.1962573,76.68967,1.07344535,0.403509140015,1294922.79,1.0,0.1,0.0,1.0,30000000.0,False
0.016836517,58.93244,1.06352181,-0.109364390373,1266825.28,1.0,0.1,0.0,1.0,30000000.0,False
0.2681172,47.02786,1.28178672,-0.162290036678,1367140.45,1.0,0.1,0.0,1.0,30000000.0,False
0.092001811,52.59636,1.10795825,-0.0415324568748,6666928.43,1.0,0.1,0.0,1.0,30000000.0,False
0.070415124,52.07223,0.83620655,-0.481576859951,6115648.53,1.0,0.1,0.0,1.0,30000000.0,False
0.1356049,74.23539,0.833956175,0.222491979599,3520047.67,1.0,0.1,0.0,1.0,30000000.0,False
0.1548606,55.7888,1.16223893,0.0247762203217,4204152.35,1.0,0.1,0.0,1.0,30000000.0,False
0.2569042,42.42582,1.13954987,0.0523130893707,8327120.6,1.0,0.1,0.0,1.0,30000000.0,False
0.065307297,48.50031,1.15927561,-0.132607519627,1171319.87,1.0,0.1,0.0,1.0,30000000.0,False
0.2538285,58.52119,1.11218956,0.0851061344147,3062746.03,1.0,0.1,0.0,1.0,30000000.0,False
0.080453508,45.12274,1.33327536,-0.00575226545334,1596237.55,1.0,0.1,0.0,1.0,30000000.0,False
0.044077307,42.57499,0.921330448,-0.0116567015648,4183173.87,1.0,0.1,0.0,1.0,30000000.0,False
0.1062365,57.89869,1.26933256,-0.215710282326,5096410.75,1.0,0.1,0.0,1.0,30000000.0,False
0.2437242,42.8661,1.2446621,0.16497194767,5039750.41,1.0,0.1,0.0,1.0,30000000.0,False
0.2512173,44.90139,1.23552922,-0.265121161938,1358141.63,1.0,0.1,0.0,1.0,30000000.0,False
0.1125997,58.75682,1.38512187,-0.0167744755745,3172024.8,1.0,0.1,0.0,1.0,30000000.0,False
0.275264,49.03878,1.18728331,-0.0566546916962,7556445.16,1.0,0.1,0.0,1.0,30000000.0,False
0.069278777,62.98254,1.35394541,0.0440421104431,3696210.64,1.0,0.1,0.0,1.0,30000000.0,False
0.107446,43.44295,0.973112419,-0.263948917389,7305216.58,1.0,0.1,0.0,1.0,30000000.0,False
0.1164572,53.02525,0.703773867,0.553394675255,4300949.6,1.0,0.1,0.0,1.0,30000000.0,False
0.042892661,49.14951,0.897128037,0.24297451973,7152162.14,1.0,0.1,0.0,1.0,30000000.0,False
0.2557909,56.65756,1.08552653,0.392075896263,1675026.7,1.0,0.1,0.0,1.0,30000000.0,False
0.076965861,48.2238,1.15138878,0.24084341526,2610729.85,1.0,0.1,0.0,1.0,30000000.0,False
0.1978644,58.83736,0.823585719,0.0789844989777,9156499.31,1.0,0.1,0.0,1.0,30000000.0,False
0.094917491,47.41061,1.08555044,-0.356404840946,7283665.4,1.0,0.1,0.0,1.0,30000000.0,False
0.027555471,43.8924,0.794400169,0.361828327179,8075875.36,1.0,0.1,0.0,1.0,30000000.0,False
0.057954151,54.27591,1.25046287,0.00407874584198,1072236.59,1.0,0.1,0.0,1.0,30000000.0,False
0.057933182,45.20439,1.12108732,-0.283326685429,5602964.29,1.0,0.1,0.0,1.0,30000000.0,False
0.094087854,83.26947,1.11714944,-0.166079759598,4320770.79,1.0,0.1,0.0,1.0,30000000.0,False
0.092056625,48.82757,1.36561445,-0.00584197044373,1852728.22,1.0,0.1,0.0,1.0,30000000.0,False
0.1444507,46.06368,0.922742278,-0.0146906971931,5788813.71,1.0,0.1,0.0,1.0,30000000.0,False
0.1531578,55.64936,1.03947946,-0.226541399956,7895025.37,1.0,0.1,0.0,1.0,30000000.0,False
0.1989956,46.0625,1.17727821,0.337445020676,8791132.55,1.0,0.1,0.0,1.0,30000000.0,False
0.1299386,43.55637,1.19297142,0.114760518074,1682977.35,1.0,0.1,0.0,1.0,30000000.0,False
0.041007072,55.55683,1.08928319,-0.141174733639,6545428.98,1.0,0.1,0.0,1.0,30000000.0,False
0.028798776,40.78817,1.26138356,0.0192008018494,8527690.55,1.0,0.1,0.0,1.0,30000000.0,False
0.1261028,53.39415,1.26199401,0.164447903633,2300809.49,1.0,0.1,0.0,1.0,30000000.0,False
0.2508094,53.47597,1.03145021,-0.061146914959,5787826.25,1.0,0.1,0.0,1.0,30000000.0,False
0.071574152,44.21216,1.23435563,-0.334071755409,2604598.69,1.0,0.1,0.0,1.0,30000000.0,False
0.1904271,49.26881,0.883444176,-0.0702719092369,5463603.19,1.0,0.1,0.0,1.0,30000000.0,False
0.03848616,53.228,1.12845068,0.206340074539,1477385.98,1.0,0.1,0.0,1.0,30000000.0,False
0.076749213,56.53577,0.781304218,-0.0959351658821,3633619.53,1.0,0.1,0.0,1.0,30000000.0,False
0.1862513,76.06438,1.35219177,0.455240488052,1628700.04,1.0,0.1,0.0,1.0,30000000.0,False
0.1657892,40.04874,1.27935889,-0.146215796471,4098722.23,1.0,0.1,0.0,1.0,30000000.0,False
0.084682681,63.77624,1.03421231,0.0168365240097,1165710.13,1.0,0.1,0.0,1.0,30000000.0,False
0.036052428,43.30917,0.726233975,0.0522770881653,6287210.2,1.0,0.1,0.0,1.0,30000000.0,False
0.2607615,37.09309,1.18983904,-0.0157607793808,1572759.19,1.0,0.1,0.0,1.0,30000000.0,False
0.1289516,55.24706,1.35100643,0.506964087486,3080580.27,1.0,0.1,0.0,1.0,30000000.0,False
0.1355048,50.06523,1.36561462,-0.0469455122948,1030878.22,1.0,0.1,0.0,1.0,30000000.0,False
0.1794215,58.01969,1.24293272,-0.220616877079,2670603.4,1.0,0.1,0.0,1.0,30000000.0,False
0.068611227,60.75676,0.923062376,0.188884854317,6310212.73,1.0,0.1,0.0,1.0,30000000.0,False
0.2599981,30.25901,1.24756017,0.408208250999,3522919.96,1.0,0.1,0.0,1.0,30000000.0,False
0.041394006,64.70151,1.05342275,-0.105533659458,2073844.2,1.0,0.1,0.0,1.0,30000000.0,False
0.020746265,48.96955,1.20991445,0.0227346420288,4700717.39,1.0,0.1,0.0,1.0,30000000.0,False
0.1331084,56.98635,1.35361709,0.0890680551529,5675048.92,1.0,0.1,0.0,1.0,30000000.0,False
0.080655918,81.12111,0.975438943,0.134772539139,7923017.49,1.0,0.1,0.0,1.0,30000000.0,False
0.030093292,50.37831,1.34264348,-0.0424988269806,1184983.91,1.0,0.1,0.0,1.0,30000000.0,False
0.1858657,49.26451,0.998700599,0.142530798912,3229549.77,1.0,0.1,0.0,1.0,30000000.0,False
0.047574062,66.50677,0.997222195,0.182036280632,2201203.92,1.0,0.1,0.0,1.0,30000000.0,False
0.1230903,65.70336,1.03319661,0.320240020752,5751920.72,1.0,0.1,0.0,1.0,30000000.0,False
0.023578245,51.95952,1.0809836,-0.0813800692558,3122167.31,1.0,0.1,0.0,1.0,30000000.0,False
0.1923283,50.92214,1.15909204,-0.0458163619041,1069599.24,1.0,0.1,0.0,1.0,30000000.0,False
0.037477128,49.74495,1.125328,0.35237967968,1999729.71,1.0,0.1,0.0,1.0,30000000.0,False
0.076503992,50.81497,0.934421134,0.287526845932,7384945.37,1.0,0.1,0.0,1.0,30000000.0,False
0.06262286,45.15004,0.976903337,0.136100172997,9808463.73,1.0,0.1,0.0,1.0,30000000.0,False
0.1551063,47.00173,0.711312627,0.19330739975,7435168.29,1.0,0.1,0.0,1.0,30000000.0,False
0.040610932,57.15622,0.846399004,-0.0400356054306,2427299.2,1.0,0.1,0.0,1.0,30000000.0,False
0.026090831,50.6509,0.910853833,-0.0289670825005,7808478.93,1.0,0.1,0.0,1.0,30000000.0,False
0.1292904,75.73392,0.935500063,-0.112666487694,4055384.6,1.0,0.1,0.0,1.0,30000000.0,False
0.015917342,69.02376,0.753011669,-0.248058736324,6471005.91,1.0,0.1,0.0,1.0,30000000.0,False
0.1836441,52.52106,0.792104565,-0.34813773632,6743337.34,1.0,0.1,0.0,1.0,30000000.0,False
0.2518964,46.14922,1.26420486,0.0884928703308,1050863.62,1.0,0.1,0.0,1.0,30000000.0,False
0.032057192,48.89631,0.805430163,0.129442453384,4959434.81,1.0,0.1,0.0,1.0,30000000.0,False
0.074390821,44.25335,1.14248378,-0.13963252306,5489782.27,1.0,0.1,0.0,1.0,30000000.0,False
0.034292195,50.45044,1.0845219,-0.0252417325974,2132104.79,1.0,0.1,0.0,1.0,30000000.0,False
0.1995209,53.47376,0.996610521,-0.141384184361,3364684.9,1.0,0.1,0.0,1.0,30000000.0,False
0.072583124,35.52752,0.966929342,0.195707798004,8763334.55,1.0,0.1,0.0,1.0,30000000.0,False
0.040758207,38.85484,0.80002645,-0.301057875156,9332520.57,1.0,0.1,0.0,1.0,30000000.0,False
0.040795188,49.20422,1.03902369,-0.105416417122,1991759.35,1.0,0.1,0.0,1.0,30000000.0,False
0.1275489,34.71766,1.20202097,-0.0666333436966,7882235.75,1.0,0.1,0.0,1.0,30000000.0,False
0.2433253,45.28619,1.30453984,-0.0433903932571,1220364.52,1.0,0.1,0.0,1.0,30000000.0,False
0.2003606,62.44189,1.35460166,0.253199338913,1347986.71,1.0,0.1,0.0,1.0,30000000.0,False
0.054935195,49.5459,0.768534274,-0.601075917482,2605822.05,1.0,0.1,0.0,1.0,30000000.0,False
0.085680485,85.48398,0.856052788,0.361439585686,2814719.84,1.0,0.1,0.0,1.0,30000000.0,False
0.031672075,46.4955,1.02995813,-0.0516284704208,7924002.73,1.0,0.1,0.0,1.0,30000000.0,False
0.2408325,64.45781,0.952805144,-0.0800874233246,3129035.37,1.0,0.1,0.0,1.0,30000000.0,False
0.2312167,46.28178,1.16772011,-0.100310146809,2034469.74,1.0,0.1,0.0,1.0,30000000.0,False
0.072678506,59.04396,0.956477868,-0.0334062576294,1033124.84,1.0,0.1,0.0,1.0,30000000.0,False
0.1521121,61.83127,1.2305874,0.0833746194839,8762151.15,1.0,0.1,0.0,1.0,30000000.0,False
0.079591818,59.6874,0.705559592,-0.0738188028336,2064635.06,1.0,0.1,0.0,1.0,30000000.0,False
0.2371152,89.33914,0.927702428,-0.119836390018,3016559.23,1.0,0.1,0.0,1.0,30000000.0,False
0.1471252,44.64266,0.935076787,-0.220450639725,4716974.81,1.0,0.1,0.0,1.0,30000000.0,False
0.032461725,49.80982,1.13308514,0.307892203331,6188157.59,1.0,0.1,0.0,1.0,30000000.0,False
0.030958714,59.31459,0.82371269,-0.132719814777,4633342.97,1.0,0.1,0.0,1.0,30000000.0,False
0.2055813,73.03017,1.33041341,-0.356339037418,3230928.54,1.0,0.1,0.0,1.0,30000000.0,False
0.1776684,44.5596,0.86254694,0.271948695183,1516713.45,1.0,0.1,0.0,1.0,30000000.0,False
0.184303,54.49532,0.797336936,0.11699616909,8325108.28,1.0,0.1,0.0,1.0,30000000.0,False
0.085046716,38.47157,0.785582186,-0.0438275933266,1100970.02,1.0,0.1,0.0,1.0,30000000.0,False
0.094085157,62.77572,0.825055382,0.0355172157288,1736747.59,1.0,0.1,0.0,1.0,30000000.0,False
0.1796054,47.16821,0.753878802,0.106474757195,4462758.3,1.0,0.1,0.0,1.0,30000000.0,False
0.1582187,53.82549,1.15205671,0.0471442937851,4190550.9,1.0,0.1,0.0,1.0,30000000.0,False
0.067123778,51.14945,1.28470642,-0.213334143162,1234127.13,1.0,0.1,0.0,1.0,30000000.0,False
0.066279471,49.84045,1.11354527,-0.438841760159,1384636.06,1.0,0.1,0.0,1.0,30000000.0,False
0.1610212,43.79594,0.827413304,-0.465543568134,5450098.6,1.0,0.1,0.0,1.0,30000000.0,False
0.032028515,62.43519,0.934414532,0.169532775879,5126291.32,1.0,0.1,0.0,1.0,30000000.0,False
0.1256309,36.44154,0.97813515,-0.0816138386726,9773983.35,1.0,0.1,0.0,1.0,30000000.0,False
0.055786863,52.00427,0.714368478,-0.544375240803,2149202.45,1.0,0.1,0.0,1.0,30000000.0,False
0.028877914,32.54806,1.07546332,0.250154256821,1292003.42,1.0,0.1,0.0,1.0,30000000.0,False
0.048646647,50.92435,1.34048345,-0.0246341228485,5055192.94,1.0,0.1,0.0,1.0,30000000.0,False
0.050689083,82.72995,1.29198406,0.420926451683,8879480.61,1.0,0.1,0.0,1.0,30000000.0,False
0.069039144,55.39959,1.24707411,-0.616012632847,1035745.21,1.0,0.1,0.0,1.0,30000000.0,False
0.1475638,54.64878,1.09630652,-0.0871156454086,8859110.92,1.0,0.1,0.0,1.0,30000000.0,False
0.052308939,74.40145,0.742680579,-0.239174425602,1359712.38,1.0,0.1,0.0,1.0,30000000.0,False
0.051339407,51.79498,1.3814183,0.092072725296,2295969.04,1.0,0.1,0.0,1.0,30000000.0,False
0.094343886,59.74782,1.03062702,-0.198852419853,2941132.51,1.0,0.1,0.0,1.0,30000000.0,False
0.1068259,81.90172,0.740602519,-0.162642240524,1770708.25,1.0,0.1,0.0,1.0,30000000.0,False
0.091621436,53.15672,0.805005047,0.0432841777802,4854975.35,1.0,0.1,0.0,1.0,30000000.0,False
0.1466341,66.60582,0.875616922,0.0648801326752,3298517.8,1.0,0.1,0.0,1.0,30000000.0,False
0.1259506,60.49914,0.710088252,0.178834319115,5166150.0,1.0,0.1,0.0,1.0,30000000.0,False
0.078868054,40.45255,1.24302156,-0.0936983823776,7792774.37,1.0,0.1,0.0,1.0,30000000.0,False
0.080122635,47.61963,0.805302575,-0.0998591780663,2809294.39,1.0,0.1,0.0,1.0,30000000.0,False
0.1044556,45.91331,0.866828446,0.29622232914,1276683.5,1.0,0.1,0.0,1.0,30000000.0,False
0.099644482,72.83215,1.03427226,-0.0659208893776,4269512.66,1.0,0.1,0.0,1.0,30000000.0,False
0.1118023,44.98377,0.917160935,-0.0834567546844,1375800.32,1.0,0.1,0.0,1.0,30000000.0,False
0.02517614,53.35824,0.945372406,-0.091556251049,4915382.15,1.0,0.1,0.0,1.0,30000000.0,False
0.053312518,60.72837,0.965198368,0.0425629615784,2374026.37,1.0,0.1,0.0,1.0,30000000.0,False
0.115802,45.47613,1.36354107,-0.183792889118,5111926.57,1.0,0.1,0.0,1.0,30000000.0,False
0.08437673,48.79471,0.77239673,-0.0881494879723,4041040.79,1.0,0.1,0.0,1.0,30000000.0,False
0.18874,55.39874,0.81588657,-0.204408407211,7986478.25,1.0,0.1,0.0,1.0,30000000.0,False
0.2394115,39.29222,1.17517082,-0.287323057652,2125898.88,1.0,0.1,0.0,1.0,30000000.0,False
0.091797344,68.65258,1.22411962,-0.183454036713,5431704.29,1.0,0.1,0.0,1.0,30000000.0,False
0.073669866,51.74678,1.08111572,-0.302252709866,2826844.39,1.0,0.1,0.0,1.0,30000000.0,False
0.1501046,58.23741,0.863479823,0.250784635544,2822855.78,1.0,0.1,0.0,1.0,30000000.0,False
0.1623412,72.90904,1.0775681,0.188009142876,1359843.15,1.0,0.1,0.0,1.0,30000000.0,False
0.1633584,58.77775,1.18313197,0.229401350021,1734778.43,1.0,0.1,0.0,1.0,30000000.0,False
0.054021336,50.82736,0.939800045,0.0384920835495,1147009.69,1.0,0.1,0.0,1.0,30000000.0,False
0.255882,66.22001,1.37713387,-0.148956358433,2545789.82,1.0,0.1,0.0,1.0,30000000.0,False
0.1106803,60.33948,1.09055614,0.0710657835007,6280436.74,1.0,0.1,0.0,1.0,30000000.0,False
0.2277785,56.01209,1.07576905,0.0316876173019,6504608.41,1.0,0.1,0.0,1.0,30000000.0,False
0.033151809,42.94571,0.999663726,-0.0445606708527,3778471.1,1.0,0.1,0.0,1.0,30000000.0,False
0.087817781,45.15673,1.30921983,0.370093226433,2454930.69,1.0,0.1,0.0,1.0,30000000.0,False
0.048868224,42.58436,1.19105184,-0.231452405453,1570019.06,1.0,0.1,0.0,1.0,30000000.0,False
0.1267962,63.36314,1.15694063,0.347398757935,1578139.39,1.0,0.1,0.0,1.0,30000000.0,False
0.032533508,47.56244,1.20718957,-0.137822210789,7038466.24,1.0,0.1,0.0,1.0,30000000.0,False
0.071330965,47.57885,0.838185067,0.34190261364,2638242.71,1.0,0.1,0.0,1.0,30000000.0,False
0.030804444,58.58133,1.13377069,-0.308214724064,9085237.69,1.0,0.1,0.0,1.0,30000000.0,False
0.164871,54.89902,0.7016564,-0.314202368259,1130442.33,1.0,0.1,0.0,1.0,30000000.0,False
0.050407942,38.77115,0.871308657,0.257386922836,1798652.66,1.0,0.1,0.0,1.0,30000000.0,False
0.070452079,69.28027,1.10367455,0.29679620266,2741114.75,1.0,0.1,0.0,1.0,30000000.0,False
0.117225,53.19461,1.06319983,-0.0609683394432,6314201.25,1.0,0.1,0.0,1.0,30000000.0,False
0.232534,56.35933,1.26052699,-0.240639984608,2063656.56,1.0,0.1,0.0,1.0,30000000.0,False
0.18862,48.37533,0.754179366,-0.406928360462,1922865.59,1.0,0.1,0.0,1.0,30000000.0,False
0.097383015,57.60102,0.966962979,-0.0671833157539,1481061.78,1.0,0.1,0.0,1.0,30000000.0,False
0.1236931,53.71989,0.762571834,0.291063308716,3258548.21,1.0,0.1,0.0,1.0,30000000.0,False
0.1804626,46.09989,0.738523017,0.00632262229919,1986693.9,1.0,0.1,0.0,1.0,30000000.0,False
0.1587808,37.57003,1.22277347,0.461045861244,3006700.48,1.0,0.1,0.0,1.0,30000000.0,False
0.045640063,69.62608,0.894883009,-0.237948060036,5389734.63,1.0,0.1,0.0,1.0,30000000.0,False
0.043200728,63.77974,1.04956118,-0.262487411499,9735469.23,1.0,0.1,0.0,1.0,30000000.0,False
0.071525365,47.69958,1.17699162,0.321386575699,4142844.79,1.0,0.1,0.0,1.0,30000000.0,False
0.092590556,52.36768,0.768318876,-0.600161612034,3497202.51,1.0,0.1,0.0,1.0,30000000.0,False
0.2796112,54.59841,1.35047918,0.155872702599,1006340.53,1.0,0.1,0.0,1.0,30000000.0,False
0.1628778,66.28838,1.09117651,-0.317570507526,1585310.73,1.0,0.1,0.0,1.0,30000000.0,False
0.039619595,60.83462,0.785690694,-0.101280272007,3997046.2,1.0,0.1,0.0,1.0,30000000.0,False
0.026060995,56.35656,0.788936539,-0.124585151672,8372938.62,1.0,0.1,0.0,1.0,30000000.0,False
0.2402573,68.69814,1.24718634,0.0711182355881,8287986.68,1.0,0.1,0.0,1.0,30000000.0,False
0.1220716,53.72363,1.01407863,0.123531460762,2024943.06,1.0,0.1,0.0,1.0,30000000.0,False
0.1068501,50.14058,0.863766141,0.284065246582,7563733.14,1.0,0.1,0.0,1.0,30000000.0,False
0.017769225,59.63692,1.04292538,-0.241855800152,1066062.26,1.0,0.1,0.0,1.0,30000000.0,False
0.1762496,61.76276,0.821952837,-0.209690272808,2672518.27,1.0,0.1,0.0,1.0,30000000.0,False
0.2893857,37.08566,1.2951089,-0.139650285244,1621211.87,1.0,0.1,0.0,1.0,30000000.0,False
0.1917662,53.09992,1.18452795,0.193483710289,2045892.76,1.0,0.1,0.0,1.0,30000000.0,False
0.1724743,63.68859,1.16649907,0.150480031967,1800949.76,1.0,0.1,0.0,1.0,30000000.0,False
0.020837734,53.28877,1.35819406,-0.421015977859,1041243.96,1.0,0.1,0.0,1.0,30000000.0,False
0.115177,54.11168,0.971803296,-0.060923397541,1543862.49,1.0,0.1,0.0,1.0,30000000.0,False
0.1069123,44.48558,1.1943267,-0.247474431992,1589688.56,1.0,0.1,0.0,1.0,30000000.0,False
0.1104171,46.2882,0.70522981,-0.0343992710114,1569878.09,1.0,0.1,0.0,1.0,30000000.0,False
0.045086578,60.95539,0.781116124,-0.165651381016,2217533.39,1.0,0.1,0.0,1.0,30000000.0,False
0.069346532,54.68531,0.84414195,0.108694434166,4935647.28,1.0,0.1,0.0,1.0,30000000.0,False
0.125666,56.09289,1.04199725,-0.0503233671188,4415355.82,1.0,0.1,0.0,1.0,30000000.0,False
0.1504764,56.92821,0.839310482,-0.0514092445374,1842845.61,1.0,0.1,0.0,1.0,30000000.0,False
0.06453196,48.10865,1.1168455,-0.436948955059,1747062.12,1.0,0.1,0.0,1.0,30000000.0,False
0.1157067,73.48782,1.39148539,0.123976588249,5465829.21,1.0,0.1,0.0,1.0,30000000.0,False
0.1389281,43.92981,1.13902547,0.159055829048,6815220.02,1.0,0.1,0.0,1.0,30000000.0,False
0.096514039,57.74476,0.843190715,-0.0762133002281,6160046.37,1.0,0.1,0.0,1.0,30000000.0,False
0.2762106,44.90279,1.21784312,0.0356857776642,2347483.98,1.0,0.1,0.0,1.0,30000000.0,False
0.1519993,63.76064,1.0674497,0.11259162426,1717492.41,1.0,0.1,0.0,1.0,30000000.0,False
0.1240221,70.72705,1.3095634,-0.213408827782,1367534.95,1.0,0.1,0.0,1.0,30000000.0,False
0.1060682,45.3745,0.965668053,-0.188914358616,1341724.71,1.0,0.1,0.0,1.0,30000000.0,False
0.1575103,50.06982,1.19207448,0.169418931007,1311432.5,1.0,0.1,0.0,1.0,30000000.0,False
0.074006423,48.23612,0.948010239,0.0348174571991,3708661.58,1.0,0.1,0.0,1.0,30000000.0,False
0.068559848,41.20696,0.903179349,0.0329303741455,1375292.06,1.0,0.1,0.0,1.0,30000000.0,False
0.056669701,57.45067,1.2862502,0.093758225441,6091331.78,1.0,0.1,0.0,1.0,30000000.0,False
0.2614649,58.56289,1.29264783,-0.174571037292,1246198.01,1.0,0.1,0.0,1.0,30000000.0,False
0.093733035,44.256,1.11112642,0.0656830072403,2548700.91,1.0,0.1,0.0,1.0,30000000.0,False
0.038822558,47.17098,1.29297429,-0.133483588696,6458477.92,1.0,0.1,0.0,1.0,30000000.0,False
0.046059191,65.76718,0.817186769,-0.203296601772,7915764.64,1.0,0.1,0.0,1.0,30000000.0,False
0.1274126,58.14354,0.733872717,0.125256299973,1202528.2,1.0,0.1,0.0,1.0,30000000.0,False
0.079718225,47.41549,1.25226057,0.0151088237762,9676934.48,1.0,0.1,0.0,1.0,30000000.0,False
0.060115509,68.37811,0.790718197,-0.0577470064163,4150571.65,1.0,0.1,0.0,1.0,30000000.0,False
0.086552896,81.08251,0.831914153,0.388238787651,1367515.86,1.0,0.1,0.0,1.0,30000000.0,False
0.032956094,39.44487,0.714236771,-0.222636163235,8185649.69,1.0,0.1,0.0,1.0,30000000.0,False
0.063231394,42.27161,1.04344731,0.181335806847,3253169.04,1.0,0.1,0.0,1.0,30000000.0,False
0.1032715,45.46796,1.33479015,-0.18842369318,4698966.14,1.0,0.1,0.0,1.0,30000000.0,False
0.1933862,59.53141,0.803737886,-0.0488547086716,2400141.76,1.0,0.1,0.0,1.0,30000000.0,False
0.063618965,49.6484,0.882669964,-0.147219538689,1076655.16,1.0,0.1,0.0,1.0,30000000.0,False
0.256935,54.54634,1.29892336,-0.139297783375,3715906.04,1.0,0.1,0.0,1.0,30000000.0,False
0.2579714,55.62989,1.00167603,0.0583959817886,1360203.07,1.0,0.1,0.0,1.0,30000000.0,False
0.2019884,44.2235,0.975015683,-0.396102070808,2033081.1,1.0,0.1,0.0,1.0,30000000.0,False
0.011847664,52.29126,1.09041138,0.164149284363,1028201.04,1.0,0.1,0.0,1.0,30000000.0,False
0.097380042,55.07076,1.0014527,0.107016563416,1336308.15,1.0,0.1,0.0,1.0,30000000.0,False
0.1409855,57.37424,0.864635183,0.139410018921,4433002.11,1.0,0.1,0.0,1.0,30000000.0,False
0.1529978,66.32812,1.34454604,0.236573576927,4992869.91,1.0,0.1,0.0,1.0,30000000.0,False
0.02916689,38.46965,1.39857649,-7.09295272827e-05,5184310.96,1.0,0.1,0.0,1.0,30000000.0,False
0.1954174,53.69632,1.16798838,0.146998763084,7453825.88,1.0,0.1,0.0,1.0,30000000.0,False
0.080375418,66.84725,1.28090106,0.252709388733,5775377.91,1.0,0.1,0.0,1.0,30000000.0,False
0.051221728,66.73495,1.11179786,-0.115247607231,1596058.19,1.0,0.1,0.0,1.0,30000000.0,False
0.09692207,71.971,0.9177247,0.307111978531,2160906.78,1.0,0.1,0.0,1.0,30000000.0,False
0.033286579,73.25883,0.863835232,-0.133288681507,1909415.0,1.0,0.1,0.0,1.0,30000000.0,False
0.178129,65.77035,1.08086249,0.300605773926,3415880.73,1.0,0.1,0.0,1.0,30000000.0,False
0.1337241,50.27934,1.06680583,-0.115460932255,3109293.47,1.0,0.1,0.0,1.0,30000000.0,False
0.096083,66.31044,0.763283599,-0.271637201309,2154294.88,1.0,0.1,0.0,1.0,30000000.0,False
0.050009359,56.6031,0.715076127,0.50547516346,1794169.31,1.0,0.1,0.0,1.0,30000000.0,False
0.2170612,44.24877,0.970033117,-0.139035284519,4558584.26,1.0,0.1,0.0,1.0,30000000.0,False
0.091672897,48.32555,0.764965029,-0.0410208106041,1328461.25,1.0,0.1,0.0,1.0,30000000.0,False
0.1302625,49.59113,0.845124425,0.123297572136,8284090.58,1.0,0.1,0.0,1.0,30000000.0,False
0.052265059,59.02803,1.03028494,-0.473654031754,5077067.73,1.0,0.1,0.0,1.0,30000000.0,False
0.038864974,42.9828,0.80527546,0.0459843873978,7508914.37,1.0,0.1,0.0,1.0,30000000.0,False
0.1066839,41.41701,0.849528871,-0.276745975018,2101763.97,1.0,0.1,0.0,1.0,30000000.0,False
0.016956419,51.60899,0.819877683,-0.0978689789772,3480649.16,1.0,0.1,0.0,1.0,30000000.0,False
0.1714772,56.11568,0.768687277,-0.127166569233,5202159.48,1.0,0.1,0.0,1.0,30000000.0,False
0.035218481,79.03751,1.04233042,0.532043099403,8548709.53,1.0,0.1,0.0,1.0,30000000.0,False
0.2829133,91.36997,1.34119552,0.0676099061966,1534725.42,1.0,0.1,0.0,1.0,30000000.0,False
0.1917167,51.01566,1.1896552,0.145363807678,2888554.75,1.0,0.1,0.0,1.0,30000000.0,False
0.1322936,50.60853,0.951624475,-0.181492984295,5589857.04,1.0,0.1,0.0,1.0,30000000.0,False
0.034986384,45.1086,0.801913855,-0.295244276524,2921800.1,1.0,0.1,0.0,1.0,30000000.0,False
0.1103003,67.18829,1.04474296,0.279314160347,4630226.19,1.0,0.1,0.0,1.0,30000000.0,False
0.079513051,32.22664,0.91639176,-0.282383739948,6586165.84,1.0,0.1,0.0,1.0,30000000.0,False
0.067491442,60.79715,1.13904152,-0.346650183201,5440214.56,1.0,0.1,0.0,1.0,30000000.0,False
0.1424304,43.53709,1.23556776,-0.0350241065025,1164603.08,1.0,0.1,0.0,1.0,30000000.0,False
0.056867793,53.24879,1.35541827,-0.523339986801,6487193.31,1.0,0.1,0.0,1.0,30000000.0,False
0.048968434,67.9183,0.858662096,0.0396242141724,8592802.72,1.0,0.1,0.0,1.0,30000000.0,False
0.161338,84.08695,1.0637182,0.583835363388,2807433.71,1.0,0.1,0.0,1.0,30000000.0,False
0.029895546,64.44257,0.907530087,0.302888274193,5627856.62,1.0,0.1,0.0,1.0,30000000.0,False
0.0585992,85.62509,0.849315238,-0.0920294523239,3147836.42,1.0,0.1,0.0,1.0,30000000.0,False
0.070549168,48.4092,0.717632457,0.114466071129,2091064.05,1.0,0.1,0.0,1.0,30000000.0,False
0.1110049,60.73109,1.17616952,0.0238908529282,9074894.3,1.0,0.1,0.0,1.0,30000000.0,False
0.073790491,51.44583,0.786660933,-0.341558873653,5129681.48,1.0,0.1,0.0,1.0,30000000.0,False
0.09793862,69.50697,1.28714525,0.383129835129,4126018.83,1.0,0.1,0.0,1.0,30000000.0,False
0.1529846,43.9505,1.26065506,0.30255150795,1349660.88,1.0,0.1,0.0,1.0,30000000.0,False
0.2069095,48.0615,0.816481171,-0.153251647949,1216281.57,1.0,0.1,0.0,1.0,30000000.0,False
0.2721356,63.82467,1.36523553,-0.0479488372803,2821241.66,1.0,0.1,0.0,1.0,30000000.0,False
0.099544086,54.81579,0.71904692,-0.104693651199,1907931.54,1.0,0.1,0.0,1.0,30000000.0,False
0.072125882,53.3632,1.13986027,-0.0584219098091,6461263.56,1.0,0.1,0.0,1.0,30000000.0,False
0.1154798,48.56776,0.869985999,-0.283239722252,3442875.06,1.0,0.1,0.0,1.0,30000000.0,False
0.2247584,59.37605,1.10678232,-0.266953229904,2062700.47,1.0,0.1,0.0,1.0,30000000.0,False
0.056297507,51.10252,0.828328533,0.103134989738,6089288.09,1.0,0.1,0.0,1.0,30000000.0,False
0.1706481,68.81629,0.812537325,-0.453240811825,3791329.75,1.0,0.1,0.0,1.0,30000000.0,False
0.2309112,51.90234,1.32384729,-0.00681263208389,2066598.4,1.0,0.1,0.0,1.0,30000000.0,False
0.012626207,57.7976,0.715414959,-0.0882800221443,2204152.92,1.0,0.1,0.0,1.0,30000000.0,False
0.069876738,50.53897,1.17926207,-0.473753511906,2343604.6,1.0,0.1,0.0,1.0,30000000.0,False
0.2085654,34.93814,0.96377135,-0.51951444149,1874429.5,1.0,0.1,0.0,1.0,30000000.0,False
0.1142183,75.09634,1.05054432,0.177879810333,9476130.77,1.0,0.1,0.0,1.0,30000000.0,False
0.1685405,73.13691,0.831675528,0.235351800919,2305708.25,1.0,0.1,0.0,1.0,30000000.0,False
0.2055202,52.37595,0.897788735,-0.338970005512,5171679.11,1.0,0.1,0.0,1.0,30000000.0,False
0.099893436,40.2076,0.777427,0.12872838974,9714869.03,1.0,0.1,0.0,1.0,30000000.0,False
0.018449988,92.31583,0.712059693,-0.136044681072,4558420.97,1.0,0.1,0.0,1.0,30000000.0,False
0.044908844,54.32428,0.782570435,-0.306747913361,7930514.26,1.0,0.1,0.0,1.0,30000000.0,False
0.030101744,51.3089,0.812161295,-0.336476445198,2730789.4,1.0,0.1,0.0,1.0,30000000.0,False
0.046635311,37.83389,0.87744885,0.297333717346,2512687.26,1.0,0.1,0.0,1.0,30000000.0,False
0.079888761,64.48338,0.892114021,-0.0238627791405,1769162.1,1.0,0.1,0.0,1.0,30000000.0,False
0.081935734,69.77358,0.75824792,-0.273092865944,6419599.46,1.0,0.1,0.0,1.0,30000000.0,False
0.1201168,62.6414,0.989217645,-0.128456890583,7627534.51,1.0,0.1,0.0,1.0,30000000.0,False
0.053233694,68.84613,1.00819806,0.118804931641,9802481.87,1.0,0.1,0.0,1.0,30000000.0,False
0.1494301,58.28306,0.882511327,-0.0495803952217,1965852.68,1.0,0.1,0.0,1.0,30000000.0,False
0.1605004,52.85261,0.806270783,0.112254977226,1985705.47,1.0,0.1,0.0,1.0,30000000.0,False
0.1136415,70.30557,1.35818306,-0.0914281606674,2366051.6,1.0,0.1,0.0,1.0,30000000.0,False
0.06791354,42.69706,1.02654856,-0.400749027729,1999950.52,1.0,0.1,0.0,1.0,30000000.0,False
0.1135395,55.03634,0.704204511,0.020263671875,1246424.73,1.0,0.1,0.0,1.0,30000000.0,False
0.02411554,61.55838,0.892451718,0.236225605011,4456120.18,1.0,0.1,0.0,1.0,30000000.0,False
0.03923437,59.62302,0.959900095,0.144214391708,1240798.28,1.0,0.1,0.0,1.0,30000000.0,False
0.177368,69.2588,1.09935363,0.0465544462204,2491200.47,1.0,0.1,0.0,1.0,30000000.0,False
0.097168393,43.81329,1.24075793,0.259447336197,2002671.4,1.0,0.1,0.0,1.0,30000000.0,False
0.094462946,48.17064,1.1925963,-0.422239840031,1638740.78,1.0,0.1,0.0,1.0,30000000.0,False
0.065263949,48.40807,0.967562014,-0.0229869484901,4265696.79,1.0,0.1,0.0,1.0,30000000.0,False
0.1125631,71.06623,1.22082218,0.0664795637131,3246400.31,1.0,0.1,0.0,1.0,30000000.0,False
0.021775525,61.67673,1.19816342,-0.149501919746,5770848.16,1.0,0.1,0.0,1.0,30000000.0,False
0.1582543,74.31075,0.722014306,-0.18037801981,5640172.0,1.0,0.1,0.0,1.0,30000000.0,False
0.1382042,42.07995,0.982721597,0.0655751228333,2036549.74,1.0,0.1,0.0,1.0,30000000.0,False
0.056407236,54.63498,0.823515773,0.322575926781,3308170.42,1.0,0.1,0.0,1.0,30000000.0,False
0.077810846,51.84784,1.02323551,0.0475071668625,6629574.24,1.0,0.1,0.0,1.0,30000000.0,False
0.2547512,34.36988,1.32997612,0.0977939367294,1808096.02,1.0,0.1,0.0,1.0,30000000.0,False
0.09346389,46.18583,0.767086889,-0.132728874683,9260701.16,1.0,0.1,0.0,1.0,30000000.0,False
0.093554161,52.88115,1.01596404,-0.0435966253281,3347372.92,1.0,0.1,0.0,1.0,30000000.0,False
0.1852759,60.16015,1.13918007,-0.288525223732,2044035.21,1.0,0.1,0.0,1.0,30000000.0,False
0.063572265,63.93909,1.36991744,0.249022841454,6090416.42,1.0,0.1,0.0,1.0,30000000.0,False
0.1210956,75.38667,1.20287375,-0.0720247030258,7817588.1,1.0,0.1,0.0,1.0,30000000.0,False
0.1423389,70.32763,0.734528638,-0.0779353380203,6434639.07,1.0,0.1,0.0,1.0,30000000.0,False
0.1284976,58.28373,0.987421131,0.350267648697,1144017.89,1.0,0.1,0.0,1.0,30000000.0,False
0.1979838,52.25239,1.30120203,-0.0828385353088,2677577.77,1.0,0.1,0.0,1.0,30000000.0,False
0.1928175,76.54087,1.32665374,0.0983952283859,1240970.27,1.0,0.1,0.0,1.0,30000000.0,False
0.080298878,57.22088,0.789535352,0.539052009583,2793154.7,1.0,0.1,0.0,1.0,30000000.0,False
0.1125075,38.5275,1.02268617,0.169517040253,2231923.96,1.0,0.1,0.0,1.0,30000000.0,False
0.1169672,45.90997,0.906418403,-0.0381679534912,1246578.68,1.0,0.1,0.0,1.0,30000000.0,False
0.088873245,51.29914,1.03160039,0.143740057945,4262381.53,1.0,0.1,0.0,1.0,30000000.0,False
0.3117871,49.48568,1.34508142,0.0594754219055,2661502.33,1.0,0.1,0.0,1.0,30000000.0,False
0.058716282,42.49055,0.932787065,-0.250196993351,1286414.29,1.0,0.1,0.0,1.0,30000000.0,False
0.075857736,48.56493,0.892227033,-0.169043958187,4591328.53,1.0,0.1,0.0,1.0,30000000.0,False
0.075121477,37.77571,1.28944497,-0.0951188802719,1233648.37,1.0,0.1,0.0,1.0,30000000.0,False
0.228819,62.92476,1.1126857,0.134111762047,2795777.44,1.0,0.1,0.0,1.0,30000000.0,False
0.120554,44.67398,1.16646779,0.439447879791,1445799.27,1.0,0.1,0.0,1.0,30000000.0,False
0.085171998,73.31774,1.15920468,0.278265953064,1546779.12,1.0,0.1,0.0,1.0,30000000.0,False
0.03569467,64.84022,0.892017588,0.177313327789,4717787.98,1.0,0.1,0.0,1.0,30000000.0,False
0.1110777,64.63139,0.727952713,0.0521712303162,6753905.43,1.0,0.1,0.0,1.0,30000000.0,False
0.081259869,53.92786,1.19631566,0.0455644130707,1418397.19,1.0,0.1,0.0,1.0,30000000.0,False
0.031988867,76.14019,1.23634545,-0.232997953892,7363109.47,1.0,0.1,0.0,1.0,30000000.0,False
0.081849568,58.84239,0.911894117,0.0836172103882,4933010.9,1.0,0.1,0.0,1.0,30000000.0,False
0.2011515,46.9595,1.03141982,0.0542253255844,3346904.82,1.0,0.1,0.0,1.0,30000000.0,False
0.1756032,47.60402,1.05384483,-0.00462865829468,7779177.7,1.0,0.1,0.0,1.0,30000000.0,False
0.1175962,48.56238,0.891029614,-0.203197598457,2934518.2,1.0,0.1,0.0,1.0,30000000.0,False
0.095540904,54.26175,0.861077925,-0.131855905056,1032134.36,1.0,0.1,0.0,1.0,30000000.0,False
0.018170767,47.05042,0.831088197,-0.294662594795,1436492.45,1.0,0.1,0.0,1.0,30000000.0,False
0.082860067,46.62019,1.38800093,-0.438105463982,3633484.88,1.0,0.1,0.0,1.0,30000000.0,False
0.1511337,49.02598,0.707339898,0.0192507505417,3910898.76,1.0,0.1,0.0,1.0,30000000.0,False
0.069983996,59.45912,0.778095713,-0.334141016006,1440925.52,1.0,0.1,0.0,1.0,30000000.0,False
0.144058,48.74805,0.919745852,0.0190609693527,1143921.29,1.0,0.1,0.0,1.0,30000000.0,False
0.045519851,57.9912,0.754894288,-0.280858457088,1200876.02,1.0,0.1,0.0,1.0,30000000.0,False
0.060781643,72.76918,1.05852273,0.175367951393,1435016.4,1.0,0.1,0.0,1.0,30000000.0,False
0.087721728,29.11754,1.32999886,0.0430860519409,5619942.84,1.0,0.1,0.0,1.0,30000000.0,False
0.1669014,62.95098,0.786557173,0.122197270393,1176381.45,1.0,0.1,0.0,1.0,30000000.0,False
0.1494541,62.0309,1.38044572,-0.067558825016,9121200.73,1.0,0.1,0.0,1.0,30000000.0,False
0.035277359,51.8867,0.906510924,0.322175621986,1859492.74,1.0,0.1,0.0,1.0,30000000.0,False
0.117375,43.58487,1.20114486,0.100567102432,8982870.84,1.0,0.1,0.0,1.0,30000000.0,False
0.1377851,39.83266,0.872745492,-0.00981205701828,4034514.96,1.0,0.1,0.0,1.0,30000000.0,False
0.03684593,72.46961,0.974545477,-0.207766592503,8743984.91,1.0,0.1,0.0,1.0,30000000.0,False
0.2144936,45.63159,1.23351823,-0.0423429608345,7049404.94,1.0,0.1,0.0,1.0,30000000.0,False
0.090140484,41.93874,0.78438583,0.483860850334,2015288.39,1.0,0.1,0.0,1.0,30000000.0,False
0.117046,59.17435,0.851260919,0.107887506485,5190949.41,1.0,0.1,0.0,1.0,30000000.0,False
0.1219981,74.92284,0.741314054,0.0925942659378,5589134.41,1.0,0.1,0.0,1.0,30000000.0,False
0.1265944,65.17142,0.934468697,0.138428092003,2094836.32,1.0,0.1,0.0,1.0,30000000.0,False
0.1236503,65.68802,1.3330817,0.0259854793549,3411684.16,1.0,0.1,0.0,1.0,30000000.0,False
0.042520996,64.0509,1.09026209,-0.00943964719772,1876646.29,1.0,0.1,0.0,1.0,30000000.0,False
0.049370326,47.34779,1.15471969,-0.17353862524,7091275.19,1.0,0.1,0.0,1.0,30000000.0,False
0.036746226,60.93048,0.871081305,0.367245316505,6836852.53,1.0,0.1,0.0,1.0,30000000.0,False
0.054296114,68.32157,1.33679203,-0.0209232568741,2584191.34,1.0,0.1,0.0,1.0,30000000.0,False
0.072938852,42.7067,0.726154594,0.0866891145706,2504888.64,1.0,0.1,0.0,1.0,30000000.0,False
0.060123492,65.09611,0.824463827,0.350141167641,5938156.78,1.0,0.1,0.0,1.0,30000000.0,False
0.026343644,56.71489,1.08084476,-0.0431951284409,4582299.38,1.0,0.1,0.0,1.0,30000000.0,False
0.026087895,53.93131,0.731262873,0.00569534301758,4322658.73,1.0,0.1,0.0,1.0,30000000.0,False
0.1508357,47.70927,0.710447005,-0.0112522244453,7543256.7,1.0,0.1,0.0,1.0,30000000.0,False
0.1537965,47.8803,1.01108586,-0.116915047169,8041580.0,1.0,0.1,0.0,1.0,30000000.0,False
0.169757,39.83584,1.07555867,0.0686113834381,4171722.7,1.0,0.1,0.0,1.0,30000000.0,False
0.1435013,80.96016,1.04150831,0.33732521534,2178594.63,1.0,0.1,0.0,1.0,30000000.0,False
0.1874174,42.05634,1.01338447,-0.0740454792976,2205029.16,1.0,0.1,0.0,1.0,30000000.0,False
0.1766185,74.7647,0.909609563,0.225640058517,3429304.74,1.0,0.1,0.0,1.0,30000000.0,False
0.1298561,31.33075,0.85202754,0.29867875576,2642263.1,1.0,0.1,0.0,1.0,30000000.0,False
0.2299539,51.41349,1.24928722,-0.0338307023048,1916318.64,1.0,0.1,0.0,1.0,30000000.0,False
0.032202333,54.771,1.23942467,-0.253780007362,1981104.82,1.0,0.1,0.0,1.0,30000000.0,False
0.07934504,71.0964,1.16496453,-0.196665406227,2287657.03,1.0,0.1,0.0,1.0,30000000.0,False
0.034792628,59.26016,0.837105618,0.0603189468384,1657962.79,1.0,0.1,0.0,1.0,30000000.0,False
0.044491854,59.83966,0.918546395,-0.020670235157,7975754.61,1.0,0.1,0.0,1.0,30000000.0,False
0.028064903,41.07724,1.05650281,0.515368580818,1592728.05,1.0,0.1,0.0,1.0,30000000.0,False
0.104639,68.21184,1.214233,-0.0308874845505,6024676.76,1.0,0.1,0.0,1.0,30000000.0,False
0.1276043,67.76199,0.951585435,0.091156244278,1262546.34,1.0,0.1,0.0,1.0,30000000.0,False
0.037354264,41.94625,1.22688856,0.108098864555,4230804.93,1.0,0.1,0.0,1.0,30000000.0,False
0.05079535,90.84669,1.08143312,0.0405615568161,1138781.02,1.0,0.1,0.0,1.0,30000000.0,False
0.1600315,29.67097,1.33117539,0.0885779857635,8894747.72,1.0,0.1,0.0,1.0,30000000.0,False
0.076992109,46.77256,0.988218997,-0.160185456276,3351659.2,1.0,0.1,0.0,1.0,30000000.0,False
0.064205125,37.5127,0.709861578,-0.391554534435,1517880.07,1.0,0.1,0.0,1.0,30000000.0,False
0.1174986,75.394,1.23062578,0.0605345964432,2484350.28,1.0,0.1,0.0,1.0,30000000.0,False
0.2274432,40.74075,0.98058776,-0.325593590736,5182181.82,1.0,0.1,0.0,1.0,30000000.0,False
0.1672436,56.69418,0.783152744,0.265241980553,2452267.22,1.0,0.1,0.0,1.0,30000000.0,False
0.1763988,45.77309,0.890467146,-0.347240030766,6771862.73,1.0,0.1,0.0,1.0,30000000.0,False
0.1690246,47.4724,0.880726338,-0.011187016964,1736464.09,1.0,0.1,0.0,1.0,30000000.0,False
0.1793291,55.71869,1.1358052,-0.0922545790672,1425541.7,1.0,0.1,0.0,1.0,30000000.0,False
0.1335596,56.01927,1.34175363,-0.387429773808,1917597.13,1.0,0.1,0.0,1.0,30000000.0,False
0.1126123,50.05038,1.19337056,-0.0866828560829,5243510.42,1.0,0.1,0.0,1.0,30000000.0,False
0.1313508,53.42875,1.13423128,0.316460847855,9627716.85,1.0,0.1,0.0,1.0,30000000.0,False
0.082156934,44.44893,1.36654897,0.0314085483551,3475001.59,1.0,0.1,0.0,1.0,30000000.0,False
0.075383581,82.88675,1.29247823,0.0825291872025,2283975.1,1.0,0.1,0.0,1.0,30000000.0,False
0.065226145,58.70699,1.24272789,-0.0104359388351,1497048.28,1.0,0.1,0.0,1.0,30000000.0,False
0.076193593,48.37716,1.35069914,-0.353769123554,2210107.96,1.0,0.1,0.0,1.0,30000000.0,False
0.1443843,42.12775,1.13079244,0.0837209224701,1779679.76,1.0,0.1,0.0,1.0,30000000.0,False
0.103549,58.67517,0.803198067,-0.425848007202,3755191.66,1.0,0.1,0.0,1.0,30000000.0,False
0.053746887,76.62208,1.39768757,-0.306470811367,5906684.41,1.0,0.1,0.0,1.0,30000000.0,False
0.090218462,53.82841,0.803867343,0.227167129517,1037479.14,1.0,0.1,0.0,1.0,30000000.0,False
0.040713832,69.89503,1.00698705,-0.123480796814,1175789.78,1.0,0.1,0.0,1.0,30000000.0,False
0.066143677,68.91747,1.35805042,0.120994567871,1418893.24,1.0,0.1,0.0,1.0,30000000.0,False
0.034139212,65.47262,0.920916418,0.0569759607315,2416352.35,1.0,0.1,0.0,1.0,30000000.0,False
0.1214493,44.47719,1.03578154,-0.174832880497,9786453.16,1.0,0.1,0.0,1.0,30000000.0,False
0.083339274,75.63359,1.22516468,-0.17736774683,4279519.23,1.0,0.1,0.0,1.0,30000000.0,False
0.022111338,53.36375,0.775036227,0.132299184799,1190247.79,1.0,0.1,0.0,1.0,30000000.0,False
0.037806515,61.52399,1.06157805,-0.00709646940231,1359399.04,1.0,0.1,0.0,1.0,30000000.0,False
0.178312,66.20375,1.27864948,0.173139452934,4478472.39,1.0,0.1,0.0,1.0,30000000.0,False
0.078903228,31.62796,0.707446692,0.318251252174,8216141.39,1.0,0.1,0.0,1.0,30000000.0,False
0.069348298,52.4101,0.875664224,-0.0782787799835,8046987.57,1.0,0.1,0.0,1.0,30000000.0,False
0.1513547,52.56581,0.815719394,-0.480624139309,4240616.01,1.0,0.1,0.0,1.0,30000000.0,False
0.039382916,55.41074,0.853904992,-0.193231999874,1954383.48,1.0,0.1,0.0,1.0,30000000.0,False
0.087340102,56.563,1.02332201,0.152652263641,1821542.37,1.0,0.1,0.0,1.0,30000000.0,False
0.1709621,56.07312,1.12732905,0.261606216431,8509443.96,1.0,0.1,0.0,1.0,30000000.0,False
0.097506121,57.9149,0.897833878,-0.166766226292,5947787.06,1.0,0.1,0.0,1.0,30000000.0,False
0.1620399,52.28242,0.794264057,-0.0677669048309,2711841.76,1.0,0.1,0.0,1.0,30000000.0,False
0.2637277,64.324,1.3940631,0.436055183411,7177419.93,1.0,0.1,0.0,1.0,30000000.0,False
0.1243258,59.67698,0.839919179,-0.321314096451,2054315.45,1.0,0.1,0.0,1.0,30000000.0,False
0.080256298,51.54116,0.763821782,-0.0547246932983,1894946.36,1.0,0.1,0.0,1.0,30000000.0,False
0.2491017,61.30804,1.0822443,0.0414500236511,1204771.77,1.0,0.1,0.0,1.0,30000000.0,False
0.1182907,38.63036,0.709793868,-0.156895637512,9426498.28,1.0,0.1,0.0,1.0,30000000.0,False
0.031324349,36.97333,0.864503681,-0.0279500484467,5156645.03,1.0,0.1,0.0,1.0,30000000.0,False
0.094215624,46.98018,1.25942737,0.221865057945,8441438.42,1.0,0.1,0.0,1.0,30000000.0,False
0.076515466,64.93031,0.735232146,0.382729172707,1921015.2,1.0,0.1,0.0,1.0,30000000.0,False
0.078155614,41.984,0.959311016,-0.746984601021,2482936.02,1.0,0.1,0.0,1.0,30000000.0,False
0.1267069,58.29968,1.10799812,0.184454321861,4068612.11,1.0,0.1,0.0,1.0,30000000.0,False
0.1240201,47.48316,1.23136241,0.122313261032,3235535.93,1.0,0.1,0.0,1.0,30000000.0,False
0.1781532,78.45525,0.949661579,0.024541258812,6856068.17,1.0,0.1,0.0,1.0,30000000.0,False
0.073568046,61.44481,0.912496075,0.21013712883,1910267.4,1.0,0.1,0.0,1.0,30000000.0,False
0.060380585,64.12693,0.820013864,-0.209616363049,3346045.03,1.0,0.1,0.0,1.0,30000000.0,False
0.1107847,40.92175,0.741070397,-0.13332170248,6139709.28,1.0,0.1,0.0,1.0,30000000.0,False
0.1931443,45.5841,0.801342128,-0.255042731762,3131614.38,1.0,0.1,0.0,1.0,30000000.0,False
0.1077049,54.33039,0.998563952,0.362080097198,7934893.1,1.0,0.1,0.0,1.0,30000000.0,False
0.07122343,56.08237,0.822524401,-0.441642940044,8065094.78,1.0,0.1,0.0,1.0,30000000.0,False
0.1127202,68.44094,1.05903129,0.0320249795914,6969666.68,1.0,0.1,0.0,1.0,30000000.0,False
0.1576511,45.59438,1.11294004,-0.260057687759,3673267.61,1.0,0.1,0.0,1.0,30000000.0,False
0.062238052,54.66453,0.976340933,0.183604598045,9101421.9,1.0,0.1,0.0,1.0,30000000.0,False
0.03052303,75.44618,1.08493156,0.103085041046,8674340.68,1.0,0.1,0.0,1.0,30000000.0,False
0.06728898,63.07381,0.888101604,-0.192202985287,2281940.06,1.0,0.1,0.0,1.0,30000000.0,False
0.1877418,42.34487,0.847560397,0.117488503456,1585750.24,1.0,0.1,0.0,1.0,30000000.0,False
0.1337645,56.48551,0.97338695,0.125711560249,2564121.24,1.0,0.1,0.0,1.0,30000000.0,False
0.1174168,65.04336,0.741632144,0.0659439563751,2895045.2,1.0,0.1,0.0,1.0,30000000.0,False
0.081669085,68.62126,0.844021028,0.0544253587723,8480449.55,1.0,0.1,0.0,1.0,30000000.0,False
0.047687359,42.70968,1.1497509,0.109097242355,3617515.05,1.0,0.1,0.0,1.0,30000000.0,False
0.075704612,56.37116,0.838526999,0.103673100471,5788292.55,1.0,0.1,0.0,1.0,30000000.0,False
0.1211123,93.61974,0.996967158,-0.0704248547554,3379718.1,1.0,0.1,0.0,1.0,30000000.0,False
0.2386475,52.79642,1.04353819,0.207092881203,2566093.41,1.0,0.1,0.0,1.0,30000000.0,False
0.2983571,50.93285,1.26937226,-0.10236376524,1918543.24,1.0,0.1,0.0,1.0,30000000.0,False
0.1667865,61.45699,0.70318816,-0.309951901436,1171003.76,1.0,0.1,0.0,1.0,30000000.0,False
0.030903287,48.26429,0.981056219,0.0372154712677,3686534.17,1.0,0.1,0.0,1.0,30000000.0,False
0.1415722,60.49874,1.03147838,0.278461933136,1362402.5,1.0,0.1,0.0,1.0,30000000.0,False
0.1407569,62.2323,1.26883099,-0.146619081497,5755884.19,1.0,0.1,0.0,1.0,30000000.0,False
0.080521576,64.5955,0.97811747,-0.151825666428,4044269.92,1.0,0.1,0.0,1.0,30000000.0,False
0.3183792,65.06873,1.27892887,0.177338480949,6528012.1,1.0,0.1,0.0,1.0,30000000.0,False
0.1541175,44.28456,0.898422861,0.112739801407,1812388.92,1.0,0.1,0.0,1.0,30000000.0,False
0.1052555,76.44618,1.35784194,-0.290570557117,3217575.32,1.0,0.1,0.0,1.0,30000000.0,False
0.2558991,64.83499,1.0265699,-0.468564987183,1086092.71,1.0,0.1,0.0,1.0,30000000.0,False
0.041761685,44.26152,0.733275304,-0.280675053596,5054059.4,1.0,0.1,0.0,1.0,30000000.0,False
0.2773179,62.19492,1.34174204,-0.0748365521431,1700554.78,1.0,0.1,0.0,1.0,30000000.0,False
0.08805503,82.25764,0.807037265,0.0150892734528,1606976.82,1.0,0.1,0.0,1.0,30000000.0,False
0.1318341,41.03564,1.27280425,-0.0242420434952,4308216.21,1.0,0.1,0.0,1.0,30000000.0,False
0.085636191,44.25932,0.852317561,-0.274877130985,3772286.46,1.0,0.1,0.0,1.0,30000000.0,False
0.2559976,56.29847,1.07892996,-0.00436890125275,4569421.35,1.0,0.1,0.0,1.0,30000000.0,False
0.088970765,41.71857,0.946133383,0.238889098167,9660694.73,1.0,0.1,0.0,1.0,30000000.0,False
0.05586699,51.87492,1.36216624,0.0461806058884,3771374.33,1.0,0.1,0.0,1.0,30000000.0,False
0.1367887,43.55844,0.996931695,-0.0521698594093,2008582.78,1.0,0.1,0.0,1.0,30000000.0,False
0.057725418,46.42945,1.27727709,0.0112351179123,3402487.78,1.0,0.1,0.0,1.0,30000000.0,False
0.065535799,52.10004,1.05915271,0.179239273071,7519570.69,1.0,0.1,0.0,1.0,30000000.0,False
0.1121685,60.49672,1.11872683,-0.130670905113,1325116.51,1.0,0.1,0.0,1.0,30000000.0,False
0.070930012,43.97763,0.864248022,0.174902796745,1768148.85,1.0,0.1,0.0,1.0,30000000.0,False
0.1306262,61.41384,0.722824269,0.232256650925,2592285.07,1.0,0.1,0.0,1.0,30000000.0,False
0.1721602,64.18315,1.1371958,-0.0663521289825,8393660.27,1.0,0.1,0.0,1.0,30000000.0,False
0.067214787,47.98549,1.12926508,-0.114302992821,1156088.78,1.0,0.1,0.0,1.0,30000000.0,False
0.030280184,43.51346,0.71135435,0.175263166428,1835750.2,1.0,0.1,0.0,1.0,30000000.0,False
0.085243143,42.49441,0.717426325,-0.0547395944595,3595391.09,1.0,0.1,0.0,1.0,30000000.0,False
0.1764182,39.47612,0.755726437,0.0169547796249,2451467.34,1.0,0.1,0.0,1.0,30000000.0,False
0.2018039,53.29087,1.11613574,0.0349717140198,4555380.23,1.0,0.1,0.0,1.0,30000000.0,False
0.120355,41.49207,0.955844349,0.284286260605,6026144.6,1.0,0.1,0.0,1.0,30000000.0,False
0.2345472,50.48066,1.32527931,-0.133385002613,4914090.44,1.0,0.1,0.0,1.0,30000000.0,False
0.15097,85.84745,0.959569146,0.277253985405,2908813.13,1.0,0.1,0.0,1.0,30000000.0,False
0.1847837,42.1955,0.805897845,0.311961770058,6947533.84,1.0,0.1,0.0,1.0,30000000.0,False
0.1953787,46.63652,0.938055839,0.0644282102585,5988843.65,1.0,0.1,0.0,1.0,30000000.0,False
