  2.069580554962158E-002
 -0.191218078136444     
 -0.146010398864746     
 -0.184813380241394     
 -0.322367846965790     
  0.395383000373840     
  9.465038776397705E-002
  6.560134887695313E-002
 -7.655191421508789E-002
  6.142854690551758E-003
  6.908690929412842E-002
  9.942889213562012E-002
 -0.340058028697968     
 -0.121648252010345     
  3.372585773468018E-002
  0.110018968582153     
 -0.228561222553253     
  0.113023042678833     
 -0.133054375648499     
  0.166528582572937     
 -0.400034427642822     
  0.151099324226379     
  8.774220943450928E-002
 -0.141022920608521     
 -0.213542640209198     
 -0.112328529357910     
  0.154631972312927     
 -0.186334371566772     
  2.605855464935303E-002
  0.471057295799255     
  2.407503128051758E-002
 -1.599651575088501E-002
 -0.235173761844635     
  0.127406120300293     
 -0.161478519439697     
  0.118490576744080     
 -9.082263708114624E-002
 -7.423716783523560E-002
 -0.216480851173401     
  0.100528478622437     
  7.785749435424805E-002
  8.209800720214844E-002
  0.283824920654297     
 -0.209795355796814     
  7.888078689575195E-003
 -0.108118951320648     
 -8.350777626037598E-002
  0.320986628532410     
 -8.629465103149414E-002
  3.832364082336426E-002
 -5.756533145904541E-002
 -0.417130768299103     
 -9.716945886611938E-002
  0.208409905433655     
 -0.329635679721832     
 -0.357141613960266     
 -0.170031964778900     
  2.702522277832031E-002
 -0.387396752834320     
  2.598249912261963E-002
 -0.406345307826996     
 -5.267572402954102E-002
 -0.121842622756958     
 -1.743966341018677E-002
 -0.157608985900879     
 -0.114892303943634     
  9.239959716796875E-002
 -0.223362565040588     
 -0.401337921619415     
 -4.568630456924438E-002
 -0.285662710666656     
 -0.296168029308319     
 -0.275917232036591     
  5.832564830780029E-002
 -0.129234969615936     
 -0.305939674377441     
  0.153967380523682     
  0.106695175170898     
 -0.178676903247833     
  0.105761051177979     
 -1.803690195083618E-002
  0.124107599258423     
  0.118376970291138     
 -0.225304961204529     
 -5.330920219421387E-003
  0.197566866874695     
  0.243387937545776     
 -0.338121294975281     
  0.225211262702942     
 -0.410788118839264     
  0.190337061882019     
  0.166864514350891     
 -0.559959083795547     
 -0.197417080402374     
  9.599208831787109E-003
 -0.392483055591583     
 -0.419963598251343     
 -0.203379690647125     
 -6.358295679092407E-002
 -0.438881278038025     
 -0.115136444568634     
  0.157790422439575     
  0.257520794868469     
  0.226204395294189     
 -0.426600694656372     
  0.302546024322510     
 -6.982237100601196E-002
  0.237474679946899     
  0.218261122703552     
  0.174027681350708     
 -0.217363715171814     
 -0.232868492603302     
  6.501233577728271E-002
  1.680493354797363E-003
 -7.916480302810669E-002
 -0.124292969703674     
 -0.309864640235901     
 -0.340749323368073     
 -5.248451232910156E-002
  0.369781851768494     
 -0.156676352024078     
  0.228861451148987     
 -0.231509447097778     
  0.286868095397949     
 -0.339272797107697     
  2.660572528839111E-002
 -0.114844441413879     
 -0.197960913181305     
  0.273048520088196     
  0.140344738960266     
 -9.959125518798828E-002
 -0.289122164249420     
  5.493783950805664E-002
  0.100897431373596     
 -0.195970773696899     
  0.141496777534485     
 -7.655578851699829E-002
 -0.203556239604950     
 -0.488340854644775     
  6.608104705810547E-002
  0.169880270957947     
  1.287376880645752E-002
 -6.126856803894043E-002
 -2.474629878997803E-002
 -6.979137659072876E-002
  9.971630573272705E-002
  0.118313074111938     
 -2.606010437011719E-002
  0.375759005546570     
  8.231103420257568E-002
  0.296055555343628     
  0.205394148826599     
 -3.613120317459106E-002
 -1.657688617706299E-002
  0.101287841796875     
 -3.143936395645142E-002
  9.434640407562256E-002
  0.318289875984192     
  0.314265847206116     
 -2.422797679901123E-002
 -0.202099919319153     
  0.273059844970703     
  0.106099605560303     
  0.531297445297241     
 -0.287598431110382     
  0.221930861473083     
 -0.126617014408112     
 -3.819406032562256E-002
 -0.212029337882996     
  1.229274272918701E-002
 -0.229656815528870     
  0.207073569297791     
 -2.280294895172119E-003
 -8.431100845336914E-002
  0.295129179954529     
 -3.325003385543823E-002
  4.028320312500000E-002
 -0.125993132591248     
  0.323061347007751     
  0.296621918678284     
 -0.154635310173035     
 -0.215600490570068     
 -0.387078940868378     
 -0.244449377059937     
 -0.200411856174469     
 -0.156549096107483     
 -0.389849841594696     
 -0.142659187316895     
  0.158204436302185     
  0.328231215476990     
 -9.721136093139648E-002
  3.233516216278076E-002
 -0.216019570827484     
  1.186382770538330E-002
  1.438891887664795E-002
  0.120892763137817     
  0.146702408790588     
  0.316674590110779     
 -3.522342443466187E-002
 -0.260616004467010     
  4.375100135803223E-003
 -0.251074850559235     
 -0.347900032997131     
  9.649240970611572E-002
  0.169086456298828     
 -8.454167842864990E-002
 -0.126712858676910     
 -0.117930710315704     
 -1.252394914627075E-002
 -7.766246795654297E-003
 -0.225489914417267     
  0.382963776588440     
 -3.328412771224976E-002
 -0.117885708808899     
  0.307364583015442     
  3.981471061706543E-003
  2.355110645294189E-002
 -4.473268985748291E-003
 -4.917323589324951E-003
 -0.174045324325562     
 -0.450904250144958     
 -4.988640546798706E-002
  4.392647743225098E-002
 -0.115877628326416     
  2.930819988250732E-002
  3.509068489074707E-002
  7.541656494140625E-003
  8.665204048156738E-002
  0.109921813011169     
 -9.154194593429565E-002
 -0.126579105854034     
 -0.177444517612457     
  8.844745159149170E-002
 -4.867160320281982E-002
  2.702605724334717E-002
  0.249420285224915     
 -6.411784887313843E-002
 -0.320468544960022     
 -6.716442108154297E-002
  0.335700511932373     
 -0.157661437988281     
 -0.166476130485535     
  0.271122455596924     
  0.117361307144165     
 -9.656548500061035E-003
 -8.033275604248047E-003
 -0.276238679885864     
 -0.168518364429474     
 -0.397457778453827     
  0.257415771484375     
  6.003165245056152E-002
 -1.108765602111816E-002
 -0.258907079696655     
 -0.229753375053406     
 -4.246693849563599E-002
  0.106381177902222     
  0.309432983398438     
 -0.342382907867432     
 -0.331777095794678     
 -0.109513700008392     
 -0.168110489845276     
 -0.383097529411316     
  0.358817815780640     
  1.972162723541260E-002
  5.061292648315430E-002
 -4.097628593444824E-002
  1.865470409393311E-002
  0.244542241096497     
  1.927018165588379E-002
 -3.821140527725220E-002
 -0.335445344448090     
 -2.570915222167969E-002
 -6.297081708908081E-002
  0.318627595901489     
 -4.199510812759399E-002
 -0.102805495262146     
 -7.540643215179443E-002
  0.260756611824036     
 -0.262966215610504     
  6.398510932922363E-002
 -0.260028243064880     
  0.214839458465576     
 -9.862262010574341E-002
 -8.982020616531372E-002
 -0.521511971950531     
  0.167418599128723     
 -0.188354909420013     
 -7.414597272872925E-002
 -0.219921529293060     
  0.103044509887695     
  0.203105211257935     
  4.131519794464111E-002
 -0.157370507717133     
  5.418670177459717E-002
  0.109861612319946     
 -0.124145567417145     
 -8.513879776000977E-002
 -0.179112613201141     
  8.275508880615234E-003
  0.463134765625000     
  0.234597325325012     
 -0.141190707683563     
  0.203478336334229     
 -0.146158635616302     
 -0.354225158691406     
  0.218853831291199     
 -4.038763046264648E-002
 -0.308259665966034     
  0.459382891654968     
  0.289931416511536     
  0.666959762573242     
 -2.862304449081421E-002
 -0.165106475353241     
 -0.214088022708893     
 -9.215092658996582E-002
 -0.239775240421295     
  0.233643889427185     
  0.344004631042480     
  4.769968986511230E-002
 -0.189344763755798     
 -0.127804398536682     
  0.293395876884460     
 -2.268743515014648E-002
  6.700539588928223E-002
 -4.826068878173828E-003
  0.150253295898438     
  8.332049846649170E-002
 -0.105052530765533     
 -7.863879203796387E-002
 -6.869900226593018E-002
 -7.498741149902344E-003
  0.140868902206421     
  0.118494749069214     
 -9.911942481994629E-002
 -6.445109844207764E-003
  0.157583117485046     
  8.811020851135254E-002
  0.230777144432068     
 -1.932090520858765E-002
  0.297913789749146     
 -0.463246047496796     
 -0.207182645797729     
  2.539467811584473E-002
  0.120887517929077     
  0.123376011848450     
  2.280414104461670E-002
  0.359188914299011     
  3.917574882507324E-002
  3.492212295532227E-002
 -0.295331120491028     
  0.617048382759094     
 -0.163234293460846     
 -0.317886471748352     
 -9.063881635665894E-002
 -0.149746298789978     
  0.330775976181030     
 -0.106994807720184     
  4.928672313690186E-002
 -6.492638587951660E-002
 -0.462269008159637     
  0.184553146362305     
 -0.187385559082031     
  0.211582660675049     
 -0.103170931339264     
 -3.464215993881226E-002
  0.322166919708252     
 -2.270895242691040E-002
 -0.156047880649567     
 -0.406185090541840     
 -0.595716744661331     
 -0.117211401462555     
  5.051970481872559E-002
 -0.220359981060028     
 -0.209574341773987     
  1.999819278717041E-002
 -0.220864415168762     
  0.285646200180054     
 -0.109057724475861     
 -7.305884361267090E-002
  0.239022016525269     
 -0.311173021793365     
 -7.752084732055664E-002
  0.254188299179077     
 -0.111173868179321     
 -0.343387722969055     
 -0.150002121925354     
  0.302259802818298     
  0.314086079597473     
  6.076526641845703E-002
 -0.133471310138702     
  0.110944867134094     
  0.205971956253052     
  6.065011024475098E-003
 -0.432938396930695     
 -0.471313834190369     
 -8.463442325592041E-003
 -7.668930292129517E-002
  5.776095390319824E-002
  0.133236527442932     
 -8.423060178756714E-002
  1.505744457244873E-002
  4.172801971435547E-002
  0.147849321365356     
 -2.620375156402588E-002
 -0.264684796333313     
  0.229750752449036     
 -7.256835699081421E-002
 -0.501840472221375     
  3.054511547088623E-002
  3.397834300994873E-002
  0.212506890296936     
  0.216449737548828     
 -0.331989765167236     
  0.215741634368896     
  0.178973793983459     
  0.115233182907104     
 -0.236010432243347     
 -0.142171144485474     
 -0.113925039768219     
 -0.138304173946381     
  0.123294353485107     
  0.155442476272583     
  0.281998634338379     
 -4.534798860549927E-002
  8.726823329925537E-002
  0.207378387451172     
 -0.250818848609924     
  0.151934266090393     
 -1.176756620407104E-002
 -0.245597243309021     
  0.118444800376892     
 -0.514303624629974     
  0.171420454978943     
 -0.281957805156708     
 -0.300253570079803     
 -2.266287803649902E-002
 -5.908209085464478E-002
  5.270457267761230E-002
  0.210616469383240     
  0.104750156402588     
 -0.301245748996735     
  0.302457451820374     
 -5.710840225219727E-002
  0.335472226142883     
 -6.600153446197510E-002
 -4.293006658554077E-002
 -6.006455421447754E-002
  0.159431338310242     
  7.484507560729980E-002
 -1.172637939453125E-002
  0.177013397216797     
  0.142486095428467     
 -9.095430374145508E-002
 -0.160328745841980     
 -0.135816514492035     
 -5.678445100784302E-002
  3.495669364929199E-002
  0.641310214996338     
  0.248326897621155     
 -0.101142227649689     
 -0.402422189712524     
 -0.142910182476044     
  0.145112156867981     
 -5.379301309585571E-002
 -0.212239265441895     
 -0.323821604251862     
 -4.525077342987061E-002
 -1.531094312667847E-002
 -4.561376571655273E-002
 -0.273855328559875     
  0.327477931976318     
  6.095743179321289E-002
  1.385450363159180E-003
 -0.245030522346497     
 -0.114043414592743     
  1.693260669708252E-002
 -0.106118857860565     
 -0.168239831924438     
 -3.535568714141846E-002
 -0.115799248218536     
 -7.832205295562744E-002
  0.318276286125183     
 -0.377708911895752     
 -6.357502937316895E-002
 -4.425203800201416E-002
  0.297233581542969     
  0.308006167411804     
 -8.918076753616333E-002
  0.201567292213440     
  1.911616325378418E-002
  5.792677402496338E-002
  0.374963760375977     
 -0.474208772182465     
 -0.236037433147430     
  0.405629634857178     
  0.122288584709167     
 -0.423067390918732     
  0.226483583450317     
  0.325057268142700     
 -1.225531101226807E-002
 -0.136711001396179     
  0.276347994804382     
 -0.217565357685089     
  0.237734317779541     
 -3.993976116180420E-002
 -0.307324230670929     
  0.264354467391968     
 -0.198296129703522     
  0.256024360656738     
  2.038216590881348E-002
 -0.430263996124268     
 -2.603816986083984E-002
  0.167044758796692     
 -7.107019424438477E-003
 -0.279920518398285     
  0.333334803581238     
  1.301085948944092E-002
  6.726634502410889E-002
 -0.131846308708191     
 -0.140309274196625     
  0.248348832130432     
 -8.055812120437622E-002
  0.162496209144592     
  0.111306667327881     
 -0.391819000244141     
 -8.839541673660278E-002
  0.122230529785156     
 -0.126972854137421     
  0.466552257537842     
 -6.384789943695068E-002
 -0.101158380508423     
 -8.993625640869141E-002
 -0.155362188816071     
  0.166389703750610     
 -0.249884188175201     
  0.216375589370728     
  0.121094703674316     
  7.080161571502686E-002
 -0.182983994483948     
 -4.224145412445068E-002
  6.783032417297363E-002
 -0.339489042758942     
  4.443359375000000E-002
  0.128260731697083     
 -6.409895420074463E-002
 -7.116335630416870E-002
  0.170500993728638     
 -0.199868559837341     
  0.203841447830200     
  0.119726300239563     
 -0.126061975955963     
  0.142861485481262     
 -1.405149698257446E-002
 -0.212507724761963     
  8.345389366149902E-002
 -9.528732299804688E-002
 -0.180381417274475     
 -0.121197640895844     
 -0.146830976009369     
  0.301222562789917     
 -0.307517409324646     
 -0.139514088630676     
  8.365333080291748E-002
  0.387655258178711     
 -8.661651611328125E-002
  0.352202892303467     
  6.566584110260010E-002
 -0.408651709556580     
  8.216512203216553E-002
  4.153263568878174E-002
  3.937482833862305E-002
 -5.099487304687500E-002
 -0.132471561431885     
  3.198266029357910E-003
  5.768036842346191E-002
 -1.498550176620483E-002
  0.333065867424011     
  0.270215272903442     
 -0.348622918128967     
 -0.107245981693268     
  0.350456118583679     
  0.164774298667908     
 -0.326281487941742     
  0.130556941032410     
  0.277074098587036     
  0.310556530952454     
  0.139715433120728     
  0.119066834449768     
 -0.286641061306000     
 -0.371606051921844     
 -0.407632768154144     
 -5.819839239120483E-002
  5.133974552154541E-002
 -3.050178289413452E-002
 -0.208470165729523     
 -0.121925294399261     
  0.137278318405151     
  0.151131272315979     
 -0.320739328861237     
  0.244998812675476     
 -0.216975510120392     
 -0.270426988601685     
  6.367802619934082E-002
  1.276624202728271E-002
 -8.401149511337280E-002
 -0.105086624622345     
  0.205246448516846     
 -0.217553913593292     
 -0.421772062778473     
  0.201520800590515     
 -0.245987713336945     
  0.344605445861816     
 -1.691782474517822E-002
  0.157595872879028     
  0.135835766792297     
 -0.107689201831818     
 -0.101201534271240     
  0.403509140014648     
 -0.109364390373230     
 -0.162290036678314     
 -4.153245687484741E-002
 -0.481576859951019     
  0.222491979598999     
  2.477622032165527E-002
  5.231308937072754E-002
 -0.132607519626617     
  8.510613441467285E-002
 -5.752265453338623E-003
 -1.165670156478882E-002
 -0.215710282325745     
  0.164971947669983     
 -0.265121161937714     
 -1.677447557449341E-002
 -5.665469169616699E-002
  4.404211044311523E-002
 -0.263948917388916     
  0.553394675254822     
  0.242974519729614     
  0.392075896263123     
  0.240843415260315     
  7.898449897766113E-002
 -0.356404840946198     
  0.361828327178955     
  4.078745841979980E-003
 -0.283326685428619     
 -0.166079759597778     
 -5.841970443725586E-003
 -1.469069719314575E-002
 -0.226541399955750     
  0.337445020675659     
  0.114760518074036     
 -0.141174733638763     
  1.920080184936523E-002
  0.164447903633118     
 -6.114691495895386E-002
 -0.334071755409241     
 -7.027190923690796E-002
  0.206340074539185     
 -9.593516588211060E-002
  0.455240488052368     
 -0.146215796470642     
  1.683652400970459E-002
  5.227708816528320E-002
 -1.576077938079834E-002
  0.506964087486267     
 -4.694551229476929E-002
 -0.220616877079010     
  0.188884854316711     
  0.408208250999451     
 -0.105533659458160     
  2.273464202880859E-002
  8.906805515289307E-002
  0.134772539138794     
 -4.249882698059082E-002
  0.142530798912048     
  0.182036280632019     
  0.320240020751953     
 -8.138006925582886E-002
 -4.581636190414429E-002
  0.352379679679871     
  0.287526845932007     
  0.136100172996521     
  0.193307399749756     
 -4.003560543060303E-002
 -2.896708250045776E-002
 -0.112666487693787     
 -0.248058736324310     
 -0.348137736320496     
  8.849287033081055E-002
  0.129442453384399     
 -0.139632523059845     
 -2.524173259735107E-002
 -0.141384184360504     
  0.195707798004150     
 -0.301057875156403     
 -0.105416417121887     
 -6.663334369659424E-002
 -4.339039325714111E-002
  0.253199338912964     
 -0.601075917482376     
  0.361439585685730     
 -5.162847042083740E-002
 -8.008742332458496E-002
 -0.100310146808624     
 -3.340625762939453E-002
  8.337461948394775E-002
 -7.381880283355713E-002
 -0.119836390018463     
 -0.220450639724731     
  0.307892203330994     
 -0.132719814777374     
 -0.356339037418365     
  0.271948695182800     
  0.116996169090271     
 -4.382759332656860E-002
  3.551721572875977E-002
  0.106474757194519     
  4.714429378509521E-002
 -0.213334143161774     
 -0.438841760158539     
 -0.465543568134308     
  0.169532775878906     
 -8.161383867263794E-002
 -0.544375240802765     
  0.250154256820679     
 -2.463412284851074E-002
  0.420926451683044     
 -0.616012632846832     
 -8.711564540863037E-002
 -0.239174425601959     
  9.207272529602051E-002
 -0.198852419853210     
 -0.162642240524292     
  4.328417778015137E-002
  6.488013267517090E-002
  0.178834319114685     
 -9.369838237762451E-002
 -9.985917806625366E-002
  0.296222329139709     
 -6.592088937759399E-002
 -8.345675468444824E-002
 -9.155625104904175E-002
  4.256296157836914E-002
 -0.183792889118195     
 -8.814948797225952E-002
 -0.204408407211304     
 -0.287323057651520     
 -0.183454036712646     
 -0.302252709865570     
  0.250784635543823     
  0.188009142875671     
  0.229401350021362     
  3.849208354949951E-002
 -0.148956358432770     
  7.106578350067139E-002
  3.168761730194092E-002
 -4.456067085266113E-002
  0.370093226432800     
 -0.231452405452728     
  0.347398757934570     
 -0.137822210788727     
  0.341902613639832     
 -0.308214724063873     
 -0.314202368259430     
  0.257386922836304     
  0.296796202659607     
 -6.096833944320679E-002
 -0.240639984607697     
 -0.406928360462189     
 -6.718331575393677E-002
  0.291063308715820     
  6.322622299194336E-003
  0.461045861244202     
 -0.237948060035706     
 -0.262487411499023     
  0.321386575698853     
 -0.600161612033844     
  0.155872702598572     
 -0.317570507526398     
 -0.101280272006989     
 -0.124585151672363     
  7.111823558807373E-002
  0.123531460762024     
  0.284065246582031     
 -0.241855800151825     
 -0.209690272808075     
 -0.139650285243988     
  0.193483710289001     
  0.150480031967163     
 -0.421015977859497     
 -6.092339754104614E-002
 -0.247474431991577     
 -3.439927101135254E-002
 -0.165651381015778     
  0.108694434165955     
 -5.032336711883545E-002
 -5.140924453735352E-002
 -0.436948955059052     
  0.123976588249207     
  0.159055829048157     
 -7.621330022811890E-002
  3.568577766418457E-002
  0.112591624259949     
 -0.213408827781677     
 -0.188914358615875     
  0.169418931007385     
  3.481745719909668E-002
  3.293037414550781E-002
  9.375822544097900E-002
 -0.174571037292480     
  6.568300724029541E-002
 -0.133483588695526     
 -0.203296601772308     
  0.125256299972534     
  1.510882377624512E-002
 -5.774700641632080E-002
  0.388238787651062     
 -0.222636163234711     
  0.181335806846619     
 -0.188423693180084     
 -4.885470867156982E-002
 -0.147219538688660     
 -0.139297783374786     
  5.839598178863525E-002
 -0.396102070808411     
  0.164149284362793     
  0.107016563415527     
  0.139410018920898     
  0.236573576927185     
 -7.092952728271484E-005
  0.146998763084412     
  0.252709388732910     
 -0.115247607231140     
  0.307111978530884     
 -0.133288681507111     
  0.300605773925781     
 -0.115460932254791     
 -0.271637201309204     
  0.505475163459778     
 -0.139035284519196     
 -4.102081060409546E-002
  0.123297572135925     
 -0.473654031753540     
  4.598438739776611E-002
 -0.276745975017548     
 -9.786897897720337E-002
 -0.127166569232941     
  0.532043099403381     
  6.760990619659424E-002
  0.145363807678223     
 -0.181492984294891     
 -0.295244276523590     
  0.279314160346985     
 -0.282383739948273     
 -0.346650183200836     
 -3.502410650253296E-002
 -0.523339986801147     
  3.962421417236328E-002
  0.583835363388062     
  0.302888274192810     
 -9.202945232391357E-002
  0.114466071128845     
  2.389085292816162E-002
 -0.341558873653412     
  0.383129835128784     
  0.302551507949829     
 -0.153251647949219     
 -4.794883728027344E-002
 -0.104693651199341     
 -5.842190980911255E-002
 -0.283239722251892     
 -0.266953229904175     
  0.103134989738464     
 -0.453240811824799     
 -6.812632083892822E-003
 -8.828002214431763E-002
 -0.473753511905670     
 -0.519514441490173     
  0.177879810333252     
  0.235351800918579     
 -0.338970005512238     
  0.128728389739990     
 -0.136044681072235     
 -0.306747913360596     
 -0.336476445198059     
  0.297333717346191     
 -2.386277914047241E-002
 -0.273092865943909     
 -0.128456890583038     
  0.118804931640625     
 -4.958039522171021E-002
  0.112254977226257     
 -9.142816066741943E-002
 -0.400749027729034     
  2.026367187500000E-002
  0.236225605010986     
  0.144214391708374     
  4.655444622039795E-002
  0.259447336196899     
 -0.422239840030670     
 -2.298694849014282E-002
  6.647956371307373E-002
 -0.149501919746399     
 -0.180378019809723     
  6.557512283325195E-002
  0.322575926780701     
  4.750716686248779E-002
  9.779393672943115E-002
 -0.132728874683380     
 -4.359662532806396E-002
 -0.288525223731995     
  0.249022841453552     
 -7.202470302581787E-002
 -7.793533802032471E-002
  0.350267648696899     
 -8.283853530883789E-002
  9.839522838592529E-002
  0.539052009582520     
  0.169517040252686     
 -3.816795349121094E-002
  0.143740057945251     
  5.947542190551758E-002
 -0.250196993350983     
 -0.169043958187103     
 -9.511888027191162E-002
  0.134111762046814     
  0.439447879791260     
  0.278265953063965     
  0.177313327789307     
  5.217123031616211E-002
  4.556441307067871E-002
 -0.232997953891754     
  8.361721038818359E-002
  5.422532558441162E-002
 -4.628658294677734E-003
 -0.203197598457336     
 -0.131855905056000     
 -0.294662594795227     
 -0.438105463981628     
  1.925075054168701E-002
 -0.334141016006470     
  1.906096935272217E-002
 -0.280858457088470     
  0.175367951393127     
  4.308605194091797E-002
  0.122197270393372     
 -6.755882501602173E-002
  0.322175621986389     
  0.100567102432251     
 -9.812057018280029E-003
 -0.207766592502594     
 -4.234296083450317E-002
  0.483860850334167     
  0.107887506484985     
  9.259426593780518E-002
  0.138428092002869     
  2.598547935485840E-002
 -9.439647197723389E-003
 -0.173538625240326     
  0.367245316505432     
 -2.092325687408447E-002
  8.668911457061768E-002
  0.350141167640686     
 -4.319512844085693E-002
  5.695343017578125E-003
 -1.125222444534302E-002
 -0.116915047168732     
  6.861138343811035E-002
  0.337325215339661     
 -7.404547929763794E-002
  0.225640058517456     
  0.298678755760193     
 -3.383070230484009E-002
 -0.253780007362366     
 -0.196665406227112     
  6.031894683837891E-002
 -2.067023515701294E-002
  0.515368580818176     
 -3.088748455047607E-002
  9.115624427795410E-002
  0.108098864555359     
  4.056155681610107E-002
  8.857798576354980E-002
 -0.160185456275940     
 -0.391554534435272     
  6.053459644317627E-002
 -0.325593590736389     
  0.265241980552673     
 -0.347240030765533     
 -1.118701696395874E-002
 -9.225457906723022E-002
 -0.387429773807526     
 -8.668285608291626E-002
  0.316460847854614     
  3.140854835510254E-002
  8.252918720245361E-002
 -1.043593883514404E-002
 -0.353769123554230     
  8.372092247009277E-002
 -0.425848007202148     
 -0.306470811367035     
  0.227167129516602     
 -0.123480796813965     
  0.120994567871094     
  5.697596073150635E-002
 -0.174832880496979     
 -0.177367746829987     
  0.132299184799194     
 -7.096469402313232E-003
  0.173139452934265     
  0.318251252174377     
 -7.827877998352051E-002
 -0.480624139308929     
 -0.193231999874115     
  0.152652263641357     
  0.261606216430664     
 -0.166766226291656     
 -6.776690483093262E-002
  0.436055183410645     
 -0.321314096450806     
 -5.472469329833984E-002
  4.145002365112305E-002
 -0.156895637512207     
 -2.795004844665527E-002
  0.221865057945251     
  0.382729172706604     
 -0.746984601020813     
  0.184454321861267     
  0.122313261032104     
  2.454125881195068E-002
  0.210137128829956     
 -0.209616363048553     
 -0.133321702480316     
 -0.255042731761932     
  0.362080097198486     
 -0.441642940044403     
  3.202497959136963E-002
 -0.260057687759399     
  0.183604598045349     
  0.103085041046143     
 -0.192202985286713     
  0.117488503456116     
  0.125711560249329     
  6.594395637512207E-002
  5.442535877227783E-002
  0.109097242355347     
  0.103673100471497     
 -7.042485475540161E-002
  0.207092881202698     
 -0.102363765239716     
 -0.309951901435852     
  3.721547126770020E-002
  0.278461933135986     
 -0.146619081497192     
 -0.151825666427612     
  0.177338480949402     
  0.112739801406860     
 -0.290570557117462     
 -0.468564987182617     
 -0.280675053596497     
 -7.483655214309692E-002
  1.508927345275879E-002
 -2.424204349517822E-002
 -0.274877130985260     
 -4.368901252746582E-003
  0.238889098167419     
  4.618060588836670E-002
 -5.216985940933228E-002
  1.123511791229248E-002
  0.179239273071289     
 -0.130670905113220     
  0.174902796745300     
  0.232256650924683     
 -6.635212898254395E-002
 -0.114302992820740     
  0.175263166427612     
 -5.473959445953369E-002
  1.695477962493896E-002
  3.497171401977539E-002
  0.284286260604858     
 -0.133385002613068     
  0.277253985404968     
  0.311961770057678     
  6.442821025848389E-002
